# CLadder v1.5 ids excluded from the B6 draw (prereg/B6.md): every id of
# prereg/excluded_ids.txt (the exploratory phase) and every id of the
# confirmatory draw, pilot.make_items(1000, 20260925, 1, drop_nonsense=True, exclude).
7
21
32
66
77
80
91
99
102
162
176
199
207
213
237
278
281
286
287
289
290
292
293
300
304
307
308
315
318
322
323
324
327
333
334
335
337
340
344
346
347
348
349
350
351
352
355
356
357
364
370
372
374
381
386
389
394
395
406
418
423
427
430
447
451
458
462
465
490
498
502
503
514
517
518
522
524
526
527
548
563
572
586
591
593
595
599
610
612
628
630
638
642
655
678
687
689
723
734
736
740
743
753
785
787
800
851
862
880
896
898
918
939
940
949
962
967
976
984
986
990
1002
1003
1005
1011
1013
1037
1047
1051
1071
1100
1128
1129
1147
1171
1181
1183
1194
1199
1203
1215
1221
1224
1239
1244
1247
1248
1253
1260
1268
1274
1278
1284
1299
1305
1311
1315
1319
1326
1330
1340
1342
1345
1349
1433
1435
1439
1505
1510
1547
1548
1554
1559
1562
1564
1567
1591
1596
1607
1628
1633
1653
1668
1676
1677
1679
1680
1698
1702
1716
1731
1738
1752
1754
1767
1773
1795
1816
1868
1880
1886
1903
1926
1939
1942
1949
1960
1961
1974
1976
1980
1994
2023
2055
2059
2106
2140
2164
2167
2205
2234
2237
2238
2255
2320
2323
2344
2356
2359
2398
2409
2437
2455
2460
2480
2482
2504
2512
2519
2536
2574
2590
2610
2611
2636
2647
2653
2659
2674
2676
2681
2696
2714
2737
2746
2752
2761
2769
2797
2798
2801
2828
2841
2848
2937
2946
2970
2995
3002
3010
3025
3030
3050
3095
3116
3117
3122
3144
3147
3156
3187
3204
3206
3220
3221
3227
3229
3230
3245
3249
3253
3257
3290
3292
3298
3299
3301
3303
3310
3314
3322
3327
3336
3346
3348
3350
3363
3370
3383
3386
3391
3396
3405
3406
3432
3443
3461
3467
3469
3480
3501
3514
3516
3522
3535
3542
3551
3553
3555
3559
3569
3587
3593
3613
3621
3640
3658
3668
3669
3705
3708
3717
3720
3722
3740
3766
3775
3780
3781
3789
3801
3806
3818
3842
3850
3878
3888
3906
3926
3934
3946
3947
3959
3962
3966
3981
3982
3986
3989
3993
3994
3995
3998
4008
4013
4026
4065
4093
4102
4113
4153
4166
4167
4170
4171
4172
4177
4178
4181
4187
4191
4192
4197
4199
4202
4204
4205
4206
4207
4208
4210
4213
4220
4223
4227
4228
4229
4232
4236
4238
4239
4244
4246
4247
4248
4252
4255
4256
4257
4258
4261
4266
4267
4270
4272
4274
4275
4277
4278
4281
4284
4285
4287
4289
4291
4293
4294
4301
4302
4304
4308
4313
4365
4401
4417
4436
4442
4453
4457
4473
4477
4483
4485
4491
4509
4520
4521
4526
4535
4539
4552
4562
4563
4581
4583
4592
4655
4673
4689
4699
4711
4713
4741
4782
4818
4826
4831
4862
4936
4953
4955
4972
4978
4986
5005
5007
5032
5040
5053
5054
5055
5065
5084
5086
5090
5092
5094
5097
5098
5099
5100
5106
5109
5114
5117
5119
5120
5121
5122
5123
5126
5127
5131
5132
5135
5136
5137
5138
5140
5143
5145
5146
5150
5153
5157
5158
5162
5169
5170
5173
5174
5176
5179
5181
5183
5189
5193
5194
5204
5210
5218
5222
5230
5246
5247
5260
5264
5270
5275
5278
5283
5288
5290
5312
5314
5321
5339
5343
5348
5352
5357
5369
5372
5374
5377
5379
5385
5392
5400
5408
5413
5435
5440
5443
5450
5455
5463
5474
5480
5482
5497
5507
5508
5533
5534
5550
5551
5555
5557
5559
5560
5570
5577
5581
5590
5600
5633
5634
5646
5667
5669
5673
5689
5691
5693
5704
5717
5724
5735
5764
5776
5789
5796
5814
5904
5915
5928
5930
5935
5948
5978
5985
5991
5993
5997
6000
6008
6012
6018
6020
6021
6028
6033
6038
6046
6065
6068
6085
6158
6168
6176
6177
6200
6206
6214
6225
6264
6295
6316
6323
6335
6345
6349
6351
6363
6367
6400
6401
6402
6419
6481
6486
6495
6508
6518
6524
6537
6539
6551
6552
6574
6588
6591
6615
6642
6665
6674
6683
6688
6696
6720
6732
6741
6789
6811
6838
6844
6880
6901
6947
6966
6973
6984
7033
7040
7062
7063
7069
7102
7137
7139
7143
7150
7175
7202
7204
7208
7216
7230
7315
7324
7372
7378
7390
7396
7409
7417
7425
7448
7453
7486
7489
7493
7496
7518
7524
7531
7576
7592
7599
7605
7633
7721
7727
7733
7760
7788
7795
7804
7813
7880
7906
7908
7936
7947
8053
8057
8061
8076
8082
8091
8127
8135
8162
8165
8168
8173
8194
8206
8239
8240
8277
8284
8289
8314
8315
8323
8324
8329
8331
8342
8349
8355
8360
8362
8381
8399
8407
8414
8424
8435
8436
8439
8462
8463
8468
8487
8510
8514
8532
8542
8546
8547
8549
8566
8569
8572
8579
8597
8601
8611
8613
8614
8617
8621
8628
8648
8683
8684
8686
8688
8694
8698
8701
8708
8717
8718
8725
8727
8745
8747
8750
8825
8858
8876
8884
8902
8919
8932
8933
8934
8942
8943
8948
8951
8952
8953
8954
8961
8962
8963
8965
8966
8968
8970
8971
8972
8973
8975
8976
8978
8979
8982
8983
8984
8989
8991
8992
8995
8999
9001
9002
9004
9005
9006
9008
9014
9016
9018
9021
9022
9023
9032
9033
9035
9037
9038
9039
9043
9045
9047
9048
9075
9081
9084
9086
9093
9156
9160
9178
9185
9202
9234
9237
9245
9262
9264
9301
9308
9311
9313
9318
9333
9340
9342
9349
9363
9401
9402
9410
9426
9438
9441
9447
9466
9467
9473
9478
9497
9512
9525
9548
9554
9555
9557
9558
9563
9567
9570
9571
9572
9573
9575
9577
9579
9589
9590
9594
9597
9600
9607
9610
9620
9621
9626
9654
9656
9708
9713
9719
9728
9730
9754
9755
9772
9782
9789
9795
9798
9799
9804
9818
9819
9821
9831
9843
9850
9885
9894
9978
10010
10018
10021
10033
10039
10041
10044
10048
10050
10061
10063
10064
10072
10086
10087
10096
10108
10113
10120
10130
10149
10151
10153
10155
10167
10180
10183
10213
10214
10220
10222
10223
10226
10227
10228
10229
10230
10233
10234
10236
10238
10239
10242
10244
10249
10250
10251
10276
10296
10311
10313
10327
10332
10348
10355
10360
10362
10364
10366
10376
10379
10381
10404
10417
10421
10426
10460
10462
10468
10473
10483
10508
10513
10515
10519
10521
10580
10587
10608
10620
10632
10659
10660
10667
10670
10673
10674
10677
10682
10685
10689
10690
10693
10696
10699
10701
10704
10705
10707
10709
10710
10711
10713
10714
10715
10718
10719
10720
10722
10727
10728
10731
10734
10735
10740
10741
10742
10744
10745
10746
10747
10749
10752
10753
10756
10757
10761
10764
10767
10771
10773
10775
10777
10781
10797
10798
10807
10819
10820
10825
10830
10833
10836
10840
10842
10848
10852
10861
10862
10869
10879
10904
10921
10936
10956
10965
10967
10969
10974
10979
10980
10992
11008
11011
11012
11013
11017
11023
11038
11041
11055
11061
11073
11089
11094
11100
11103
11115
11126
11127
11132
11140
11147
11195
11217
11223
11288
11294
11296
11317
11318
11329
11348
11358
11370
11391
11401
11409
11414
11425
11439
11461
11462
11504
11507
11513
11517
11564
11567
11580
11602
11604
11619
11627
11629
11630
11645
11646
11649
11650
11652
11662
11664
11665
11690
11697
11707
11723
11786
11787
11802
11817
11855
11857
11890
11897
11928
11952
11953
11969
11979
11987
11998
12007
12014
12019
12030
12052
12058
12073
12078
12084
12091
12093
12094
12111
12116
12121
12136
12144
12145
12149
12152
12174
12182
12190
12201
12210
12252
12258
12260
12272
12300
12307
12314
12334
12351
12354
12365
12367
12370
12377
12414
12418
12427
12428
12465
12466
12469
12474
12481
12488
12508
12513
12530
12554
12561
12563
12575
12583
12584
12603
12626
12640
12650
12692
12704
12707
12722
12737
12762
12817
12885
12888
12908
12918
12924
12938
12946
12955
13012
13024
13026
13035
13037
13039
13077
13084
13100
13145
13146
13163
13169
13190
13202
13224
13243
13288
13292
13299
13364
13382
13396
13406
13418
13419
13438
13445
13453
13475
13477
13483
13526
13538
13541
13558
13650
13705
13706
13712
13727
13734
13738
13744
13752
13759
13792
13793
13794
13813
13825
13835
13836
13847
13861
13885
13892
13899
13921
13925
13944
13963
13969
13971
13983
13996
13998
14001
14016
14018
14020
14028
14032
14060
14086
14102
14113
14137
14143
14162
14163
14165
14171
14177
14201
14204
14216
14217
14241
14245
14270
14281
14282
14295
14298
14307
14309
14312
14319
14322
14351
14352
14354
14363
14392
14393
14401
14419
14435
14506
14539
14543
14546
14556
14559
14560
14561
14563
14565
14567
14570
14572
14574
14575
14577
14582
14584
14585
14591
14593
14598
14603
14604
14607
14608
14609
14610
14611
14616
14619
14621
14623
14626
14632
14633
14634
14638
14643
14645
14647
14651
14660
14663
14665
14670
14674
14675
14676
14684
14685
14688
14689
14695
14699
14700
14726
14728
14729
14765
14776
14780
14791
14793
14833
14870
14888
14898
14908
14939
14940
14961
14963
14965
14970
14993
15013
15038
15072
15098
15108
15118
15122
15133
15152
15168
15183
15193
15239
15255
15262
15265
15266
15306
15321
15335
15338
15339
15361
15365
15376
15378
15380
15384
15402
15411
15432
15462
15473
15475
15479
15482
15483
15485
15486
15488
15493
15494
15498
15502
15505
15508
15509
15511
15512
15514
15516
15518
15520
15521
15523
15524
15529
15530
15533
15539
15542
15545
15551
15552
15553
15554
15557
15559
15561
15562
15563
15565
15568
15574
15575
15576
15577
15578
15580
15582
15584
15589
15592
15595
15596
15598
15605
15607
15632
15646
15650
15653
15670
15686
15694
15709
15717
15728
15734
15741
15742
15747
15751
15761
15766
15777
15779
15780
15810
15822
15841
15842
15847
15855
15863
15884
15903
15910
15913
15935
15979
16003
16006
16012
16015
16040
16050
16057
16080
16087
16096
16099
16112
16128
16139
16143
16149
16150
16171
16176
16185
16191
16215
16275
16289
16335
16366
16370
16374
16376
16377
16379
16381
16382
16386
16394
16406
16410
16416
16426
16443
16444
16456
16459
16462
16476
16497
16509
16517
16524
16571
16591
16598
16615
16633
16643
16661
16669
16689
16696
16706
16715
16720
16725
16767
16786
16811
16813
16818
16837
16841
16849
16851
16853
16861
16865
16869
16876
16901
16902
16903
16918
16938
16941
16953
16984
17025
17031
17061
17087
17099
17106
17117
17119
17126
17127
17131
17146
17161
17186
17220
17224
17234
17243
17284
17313
17319
17324
17333
17335
17337
17339
17392
17408
17411
17413
17418
17434
17440
17443
17454
17461
17471
17483
17532
17600
17649
17652
17659
17674
17697
17701
17732
17748
17794
17802
17803
17809
17810
17817
17824
17829
17830
17843
17868
17877
17891
17905
17940
17950
18031
18048
18087
18150
18191
18203
18205
18263
18271
18280
18293
18294
18296
18306
18316
18336
18339
18398
18405
18452
18494
18495
18529
18531
18539
18540
18551
18561
18576
18584
18596
18616
18624
18628
18640
18644
18647
18678
18686
18692
18694
18711
18728
18730
18739
18742
18761
18763
18767
18773
18776
18782
18794
18795
18797
18799
18807
18810
18812
18818
18819
18845
18846
18847
18878
18881
18884
18886
18887
18888
18904
18918
18962
18964
18968
18974
18994
18995
19002
19007
19014
19037
19043
19054
19068
19070
19079
19084
19103
19110
19117
19138
19142
19145
19173
19218
19279
19280
19297
19315
19318
19325
19329
19332
19337
19340
19341
19342
19349
19352
19355
19357
19358
19360
19362
19366
19367
19368
19371
19372
19373
19374
19378
19384
19387
19394
19403
19404
19407
19408
19414
19415
19418
19420
19421
19423
19428
19432
19437
19441
19453
19458
19463
19501
19520
19527
19542
19567
19572
19581
19582
19610
19619
19641
19650
19659
19660
19664
19671
19678
19684
19698
19699
19703
19715
19718
19719
19730
19758
19761
19796
19800
19806
19818
19821
19839
19847
19914
19924
19936
19938
19943
19946
19950
19951
19953
19955
19958
19960
19961
19963
19964
19966
19967
19968
19969
19970
19972
19973
19975
19976
19977
19981
19984
19987
19990
19995
19998
19999
20002
20004
20009
20010
20015
20027
20031
20032
20033
20040
20042
20054
20055
20088
20089
20113
20114
20116
20125
20131
20132
20139
20143
20150
20153
20159
20161
20169
20175
20181
20193
20195
20198
20200
20215
20217
20226
20231
20243
20245
20254
20269
20273
20286
20288
20304
20355
20369
20386
20391
20392
20396
20403
20408
20412
20420
20451
20458
20463
20474
20490
20493
20494
20501
20506
20508
20513
20516
20519
20527
20528
20539
20562
20566
20572
20605
20617
20623
20624
20630
20636
20639
20640
20685
20690
20698
20700
20702
20703
20719
20727
20728
20742
20743
20753
20757
20887
20996
21443
21454
21883
22036
22043
22284
22431
22472
22963
23255
23386
23395
23399
23549
23656
24034
24056
24102
24188
24446
24644
25303
25360
25686
26112
26357
26425
26651
26840
27111
27693
27728
27996
28118
28151
28517
28881
28935
28944
28946
29075
29303
29338
29413
29616
29623
29711
29750
29894
30274
30339
30357
30671
30785
30854
