# CLadder v1.5 ids seen in the exploratory phase - excluded from the confirmatory draw.
# Union of the `id` column over results/raw/*.csv, results/_itemmap_*.csv and
# results/drift_check_raw*.csv at commit 3c973a4. See prereg/CONFIRMATORY.md.
7
21
32
66
77
99
102
207
213
278
281
286
287
289
304
308
315
323
335
337
340
346
348
349
350
351
352
356
357
364
374
386
395
423
427
458
465
490
502
517
518
526
548
563
586
591
593
595
610
612
630
638
642
687
734
736
740
800
851
898
940
962
1002
1005
1011
1013
1051
1071
1100
1128
1147
1181
1194
1215
1244
1247
1248
1253
1260
1268
1284
1299
1315
1319
1340
1342
1349
1435
1439
1505
1547
1564
1567
1591
1628
1653
1668
1676
1679
1680
1698
1702
1716
1738
1752
1773
1926
1960
1961
2055
2106
2164
2167
2234
2238
2255
2320
2323
2356
2359
2437
2455
2480
2482
2504
2536
2574
2590
2611
2659
2676
2714
2737
2761
2769
2797
2848
2937
2995
3002
3030
3095
3204
3206
3245
3249
3253
3257
3292
3298
3299
3303
3310
3314
3346
3348
3350
3363
3405
3406
3443
3469
3514
3516
3542
3551
3553
3569
3613
3621
3658
3708
3717
3720
3740
3766
3775
3789
3801
3842
3888
3926
3947
3959
3962
3966
3981
3989
3994
4065
4093
4113
4166
4167
4171
4172
4178
4192
4202
4205
4206
4207
4208
4220
4227
4229
4232
4239
4247
4248
4255
4266
4267
4270
4272
4274
4275
4281
4294
4301
4302
4304
4313
4365
4401
4417
4436
4457
4477
4520
4521
4535
4583
4655
4711
4713
4741
4782
4818
4955
4972
5053
5054
5055
5084
5086
5097
5098
5099
5106
5109
5114
5120
5121
5122
5126
5131
5135
5136
5137
5140
5143
5145
5157
5169
5173
5176
5194
5204
5230
5247
5264
5270
5275
5283
5339
5343
5352
5357
5372
5374
5379
5385
5392
5400
5408
5413
5443
5480
5497
5508
5533
5551
5633
5634
5667
5689
5691
5724
5776
5789
5796
5904
5915
5928
5935
5978
5993
6008
6020
6028
6046
6065
6068
6085
6158
6200
6206
6225
6295
6323
6349
6351
6363
6400
6402
6518
6539
6551
6588
6674
6688
6696
6732
6741
6811
6947
6984
7033
7069
7102
7137
7204
7208
7216
7315
7372
7378
7390
7396
7448
7453
7518
7576
7592
7599
7605
7633
7727
7733
7880
7906
7908
8061
8091
8162
8165
8168
8194
8239
8284
8314
8323
8324
8349
8355
8360
8414
8424
8435
8436
8439
8462
8463
8487
8514
8542
8546
8547
8549
8566
8572
8613
8614
8686
8688
8698
8701
8708
8717
8718
8727
8745
8750
8876
8919
8933
8943
8951
8952
8962
8965
8966
8968
8970
8971
8972
8973
8975
8976
8978
8979
8982
8983
8984
8991
9004
9005
9014
9021
9023
9033
9035
9038
9039
9043
9048
9075
9086
9093
9160
9178
9234
9245
9262
9264
9311
9318
9333
9342
9401
9402
9410
9438
9441
9466
9525
9548
9563
9570
9572
9579
9589
9597
9610
9656
9708
9719
9728
9730
9754
9789
9795
9798
9799
9804
9821
9831
9843
9850
9885
10021
10041
10044
10048
10050
10063
10064
10086
10087
10108
10113
10130
10149
10151
10153
10155
10167
10183
10213
10220
10227
10229
10230
10233
10238
10239
10242
10244
10250
10276
10311
10313
10355
10366
10379
10417
10426
10460
10462
10508
10513
10515
10519
10580
10659
10667
10673
10674
10677
10682
10689
10693
10696
10701
10710
10711
10713
10718
10719
10722
10728
10734
10742
10744
10747
10749
10752
10756
10757
10764
10767
10771
10797
10807
10819
10820
10825
10830
10840
10848
10852
10869
10879
10904
10956
10965
10974
10979
10992
11008
11013
11017
11023
11041
11055
11061
11073
11089
11100
11103
11115
11126
11127
11217
11294
11317
11329
11358
11391
11409
11414
11425
11439
11461
11462
11504
11564
11567
11580
11602
11604
11629
11630
11645
11649
11650
11664
11697
11707
11723
11787
11890
11969
11979
12007
12014
12019
12078
12091
12094
12121
12149
12190
12201
12300
12314
12334
12365
12370
12414
12427
12465
12469
12474
12481
12488
12508
12554
12561
12563
12575
12603
12626
12650
12692
12707
12722
12762
12885
12888
12938
13024
13026
13039
13084
13146
13169
13202
13224
13243
13288
13299
13364
13382
13406
13418
13438
13445
13453
13477
13526
13538
13558
13650
13705
13712
13759
13792
13793
13794
13813
13835
13861
13925
13963
13971
13983
13996
13998
14016
14018
14020
14032
14102
14113
14137
14143
14162
14163
14171
14177
14201
14217
14241
14281
14295
14307
14319
14351
14352
14363
14392
14393
14401
14419
14506
14559
14560
14561
14565
14570
14574
14575
14577
14582
14591
14593
14598
14603
14609
14610
14619
14621
14623
14638
14645
14651
14660
14663
14665
14674
14676
14685
14689
14729
14776
14791
14870
14908
14940
14961
15098
15108
15133
15152
15193
15239
15255
15266
15306
15321
15338
15339
15365
15378
15380
15384
15462
15479
15482
15483
15486
15502
15505
15509
15514
15516
15520
15521
15523
15529
15530
15533
15542
15545
15551
15552
15553
15554
15562
15563
15565
15574
15575
15577
15580
15582
15584
15589
15592
15595
15596
15598
15605
15607
15650
15653
15686
15694
15717
15734
15741
15742
15747
15751
15761
15780
15810
15822
15841
15847
15863
15884
15913
15935
15979
16015
16080
16087
16112
16150
16185
16215
16275
16335
16366
16370
16376
16379
16381
16382
16410
16416
16443
16444
16456
16459
16476
16497
16517
16524
16571
16591
16615
16661
16715
16813
16818
16837
16849
16853
16865
16869
16903
16918
16941
16984
17025
17061
17087
17106
17117
17131
17146
17186
17220
17224
17234
17284
17313
17324
17335
17337
17339
17392
17408
17411
17418
17434
17443
17454
17471
17532
17600
17697
17701
17732
17802
17803
17809
17810
17829
17843
17868
17877
17905
18031
18048
18087
18150
18271
18316
18339
18494
18495
18539
18540
18576
18584
18596
18616
18624
18628
18644
18678
18711
18739
18742
18761
18763
18767
18773
18797
18799
18807
18810
18812
18846
18847
18884
18887
18888
18904
18962
18964
19002
19014
19037
19043
19068
19079
19117
19142
19218
19297
19318
19325
19329
19332
19337
19340
19341
19342
19349
19352
19357
19362
19368
19371
19378
19384
19387
19394
19404
19407
19408
19414
19415
19421
19428
19432
19501
19527
19542
19581
19619
19659
19660
19664
19671
19758
19761
19796
19800
19806
19821
19839
19924
19936
19938
19943
19951
19953
19955
19960
19961
19967
19968
19969
19972
19977
19987
19990
20002
20009
20010
20015
20031
20033
20040
20055
20088
20132
20143
20175
20181
20193
20195
20200
20215
20217
20226
20243
20254
20269
20273
20288
20355
20396
20403
20458
20463
20490
20493
20494
20506
20508
20513
20516
20519
20528
20539
20562
20623
20624
20639
20640
20690
20702
20703
20727
20742
20753
20887
20996
21443
21454
21883
22036
22043
22284
22431
22472
22963
23255
23386
23395
23399
23549
23656
24034
24056
24102
24188
24446
24644
25303
25360
25686
26112
26357
26425
26651
26840
27111
27693
27728
27996
28118
28151
28517
28881
28935
28944
28946
29075
29303
29338
29413
29616
29623
29711
29750
29894
30274
30339
30357
30671
30785
30854
