item,story,cond,lexicon,gold,n_nodes,has_data,path,model,pred,parsed,correct,in_tok,out_tok,error,provider,finish,usd,max_tokens
6,"the amount of exercise a person does per week | the person's physical fitness level | the person's risk of developing chronic diseases || AB,AC",DR_k1,PSEUDO,no,3,True,True,meta-llama/llama-3.3-70b-instruct,no,1,1,184,296,,Novita,stop,0.00014324,700
6,"the amount of exercise a person does per week | the person's physical fitness level | the person's risk of developing chronic diseases || AB,AC",ORACLE,PSEUDO,no,3,True,True,meta-llama/llama-3.3-70b-instruct,no,1,1,175,280,,Novita,stop,0.000135625,700
6,"the amount of exercise a person does per week | the person's physical fitness level | the person's risk of developing chronic diseases || AB,AC",RAW,PSEUDO,no,3,True,True,meta-llama/llama-3.3-70b-instruct,no,1,1,145,249,,Novita,stop,0.000119175,700
7,"the grade obtained on the exam | whether a student studies for an exam or not | whether the student passes the course or not || AB,BC",DR_k1,PSEUDO,yes,3,True,True,meta-llama/llama-3.3-70b-instruct,yes,1,1,174,154,,Novita,stop,8.509e-05,700
7,"the grade obtained on the exam | whether a student studies for an exam or not | whether the student passes the course or not || AB,BC",ORACLE,PSEUDO,yes,3,True,True,meta-llama/llama-3.3-70b-instruct,yes,1,1,182,155,,Novita,stop,8.657e-05,700
7,"the grade obtained on the exam | whether a student studies for an exam or not | whether the student passes the course or not || AB,BC",RAW,PSEUDO,yes,3,True,True,meta-llama/llama-3.3-70b-instruct,yes,1,1,144,135,,Novita,stop,7.344e-05,700
8,"amount of money saved | financial return on investment | investment in stocks || AB,AC,BC",DR_k1,PSEUDO,yes,3,True,True,meta-llama/llama-3.3-70b-instruct,yes,1,1,186,172,,Novita,stop,9.391e-05,700
8,"amount of money saved | financial return on investment | investment in stocks || AB,AC,BC",ORACLE,PSEUDO,yes,3,True,True,meta-llama/llama-3.3-70b-instruct,yes,1,1,185,281,,Novita,stop,0.000137375,700
8,"amount of money saved | financial return on investment | investment in stocks || AB,AC,BC",RAW,PSEUDO,yes,3,True,True,meta-llama/llama-3.3-70b-instruct,yes,1,1,144,137,,Novita,stop,7.424e-05,700
17,"the grade obtained on the exam | whether a student studies for an exam or not | whether the student passes the course or not || AB,BC",DR_k1,PSEUDO,yes,3,True,True,meta-llama/llama-3.3-70b-instruct,yes,1,1,181,218,,Novita,stop,0.000111635,700
17,"the grade obtained on the exam | whether a student studies for an exam or not | whether the student passes the course or not || AB,BC",ORACLE,PSEUDO,yes,3,True,True,meta-llama/llama-3.3-70b-instruct,yes,1,1,182,132,,Novita,stop,7.737e-05,700
17,"the grade obtained on the exam | whether a student studies for an exam or not | whether the student passes the course or not || AB,BC",RAW,PSEUDO,yes,3,True,True,meta-llama/llama-3.3-70b-instruct,yes,1,1,144,132,,Novita,stop,7.224e-05,700
19,"amount of exercise | body weight | dietary habits | risk of developing chronic diseases || AC,BC,CD",DR_k1,PSEUDO,no,4,True,True,meta-llama/llama-3.3-70b-instruct,no,1,1,186,111,,Novita,stop,6.951e-05,700
19,"amount of exercise | body weight | dietary habits | risk of developing chronic diseases || AC,BC,CD",ORACLE,PSEUDO,no,4,True,True,meta-llama/llama-3.3-70b-instruct,no,1,1,194,268,,Novita,stop,0.00013339,700
19,"amount of exercise | body weight | dietary habits | risk of developing chronic diseases || AC,BC,CD",RAW,PSEUDO,no,4,True,True,meta-llama/llama-3.3-70b-instruct,no,1,1,144,125,,Novita,stop,6.944e-05,700
20,"amount of rainfall | growth rate of plants | water level in a nearby river || AB,AC",DR_k1,PSEUDO,no,3,False,False,meta-llama/llama-3.3-70b-instruct,yes,1,0,135,225,,Novita,stop,0.000108225,700
20,"amount of rainfall | growth rate of plants | water level in a nearby river || AB,AC",ORACLE,PSEUDO,no,3,False,False,meta-llama/llama-3.3-70b-instruct,no,1,1,128,78,,Novita,stop,4.848e-05,700
20,"amount of rainfall | growth rate of plants | water level in a nearby river || AB,AC",RAW,PSEUDO,no,3,False,False,meta-llama/llama-3.3-70b-instruct,yes,1,0,98,227,,Novita,stop,0.00010403,700
28,"the amount of sleep the night before the exam | the number of hours studied for an exam | the overall performance in the course | the score obtained on the exam || AB,AC,BD,CD",DR_k1,PSEUDO,no,4,True,True,meta-llama/llama-3.3-70b-instruct,no,1,1,299,651,,Novita,stop,0.000300765,700
28,"the amount of sleep the night before the exam | the number of hours studied for an exam | the overall performance in the course | the score obtained on the exam || AB,AC,BD,CD",ORACLE,PSEUDO,no,4,True,True,meta-llama/llama-3.3-70b-instruct,no,1,1,299,570,,Novita,stop,0.000268365,700
28,"the amount of sleep the night before the exam | the number of hours studied for an exam | the overall performance in the course | the score obtained on the exam || AB,AC,BD,CD",RAW,PSEUDO,no,4,True,True,meta-llama/llama-3.3-70b-instruct,no,1,1,247,628,,Novita,stop,0.000284545,700
37,"customer satisfaction with a product | number of positive reviews for the product | revenue generated from the product | sales performance of the product || AB,AD,BC,CD",DR_k1,PSEUDO,no,4,False,False,meta-llama/llama-3.3-70b-instruct,no,1,1,151,408,,Novita,stop,0.000183585,700
37,"customer satisfaction with a product | number of positive reviews for the product | revenue generated from the product | sales performance of the product || AB,AD,BC,CD",ORACLE,PSEUDO,no,4,False,False,meta-llama/llama-3.3-70b-instruct,no,1,1,151,500,,Novita,stop,0.000220385,700
37,"customer satisfaction with a product | number of positive reviews for the product | revenue generated from the product | sales performance of the product || AB,AD,BC,CD",RAW,PSEUDO,no,4,False,False,meta-llama/llama-3.3-70b-instruct,yes,1,0,98,201,,Novita,stop,9.363e-05,700
46,"whether a person eats a healthy diet | whether a person exercises regularly | whether a person has good cardiovascular health | whether a person maintains a healthy weight || AB,AD,BC,CD",DR_k1,PSEUDO,no,4,True,True,meta-llama/llama-3.3-70b-instruct,no,1,1,187,329,,Novita,stop,0.000156845,700
46,"whether a person eats a healthy diet | whether a person exercises regularly | whether a person has good cardiovascular health | whether a person maintains a healthy weight || AB,AD,BC,CD",ORACLE,PSEUDO,no,4,True,True,meta-llama/llama-3.3-70b-instruct,no,1,1,195,257,,Novita,stop,0.000129125,700
46,"whether a person eats a healthy diet | whether a person exercises regularly | whether a person has good cardiovascular health | whether a person maintains a healthy weight || AB,AD,BC,CD",RAW,PSEUDO,no,4,True,True,meta-llama/llama-3.3-70b-instruct,no,1,1,144,131,,Novita,stop,7.184e-05,700
50,"whether a person is exposed to a contagious disease | whether the person receives appropriate treatment | whether the person recovers from the disease | whether the person seeks medical attention | whether the person shows symptoms of the disease || AB,AE,BC,BD,CD,CE,DE",DR_k1,PSEUDO,no,5,True,True,meta-llama/llama-3.3-70b-instruct,no,1,1,318,560,,Novita,stop,0.00026693,700
50,"whether a person is exposed to a contagious disease | whether the person receives appropriate treatment | whether the person recovers from the disease | whether the person seeks medical attention | whether the person shows symptoms of the disease || AB,AE,BC,BD,CD,CE,DE",ORACLE,PSEUDO,no,5,True,True,meta-llama/llama-3.3-70b-instruct,no,1,1,317,260,,Novita,stop,0.000146795,700
50,"whether a person is exposed to a contagious disease | whether the person receives appropriate treatment | whether the person recovers from the disease | whether the person seeks medical attention | whether the person shows symptoms of the disease || AB,AE,BC,BD,CD,CE,DE",RAW,PSEUDO,no,5,True,True,meta-llama/llama-3.3-70b-instruct,no,1,1,244,559,,Novita,stop,0.00025654,700
51,"employment status | happiness level | income | level of education || AB,AC,AD",DR_k1,PSEUDO,no,4,False,False,meta-llama/llama-3.3-70b-instruct,yes,1,0,142,91,,Novita,stop,5.557e-05,700
51,"employment status | happiness level | income | level of education || AB,AC,AD",ORACLE,PSEUDO,no,4,False,False,meta-llama/llama-3.3-70b-instruct,no,1,1,134,102,,Novita,stop,5.889e-05,700
51,"employment status | happiness level | income | level of education || AB,AC,AD",RAW,PSEUDO,no,4,False,False,meta-llama/llama-3.3-70b-instruct,no,1,1,100,222,,Novita,stop,0.0001023,700
63,"amount of exercise | body weight | caloric intake | overall health || AD,BC,CD",DR_k1,PSEUDO,no,4,False,False,meta-llama/llama-3.3-70b-instruct,yes,1,0,149,204,,Novita,stop,0.000101715,700
63,"amount of exercise | body weight | caloric intake | overall health || AD,BC,CD",ORACLE,PSEUDO,no,4,False,False,meta-llama/llama-3.3-70b-instruct,no,1,1,149,339,,Novita,stop,0.000155715,700
63,"amount of exercise | body weight | caloric intake | overall health || AD,BC,CD",RAW,PSEUDO,no,4,False,False,meta-llama/llama-3.3-70b-instruct,no,1,1,100,168,,Novita,stop,8.07e-05,700
64,"the amount of sleep the night before the exam | the exam score | the number of hours studied for an exam || AC,BC",DR_k1,PSEUDO,no,3,False,False,meta-llama/llama-3.3-70b-instruct,yes,1,0,138,232,,Novita,stop,0.00011143,700
64,"the amount of sleep the night before the exam | the exam score | the number of hours studied for an exam || AC,BC",ORACLE,PSEUDO,no,3,False,False,meta-llama/llama-3.3-70b-instruct,no,1,1,138,257,,Novita,stop,0.00012143,700
64,"the amount of sleep the night before the exam | the exam score | the number of hours studied for an exam || AC,BC",RAW,PSEUDO,no,3,False,False,meta-llama/llama-3.3-70b-instruct,yes,1,0,99,370,,Novita,stop,0.000161365,700
65,"crop yield | harvest quality | temperature | weather conditions || AC,AD,BC,BD,CD",DR_k1,PSEUDO,yes,4,True,True,meta-llama/llama-3.3-70b-instruct,yes,1,1,203,202,,Novita,stop,0.000108205,700
65,"crop yield | harvest quality | temperature | weather conditions || AC,AD,BC,BD,CD",ORACLE,PSEUDO,yes,4,True,True,meta-llama/llama-3.3-70b-instruct,yes,1,1,203,234,,Novita,stop,0.000121005,700
65,"crop yield | harvest quality | temperature | weather conditions || AC,AD,BC,BD,CD",RAW,PSEUDO,yes,4,True,True,meta-llama/llama-3.3-70b-instruct,yes,1,1,144,132,,Novita,stop,7.224e-05,700
66,"a company | company expenses | company profit | company revenue || AB,AC,AD,BC",DR_k1,PSEUDO,no,4,False,False,meta-llama/llama-3.3-70b-instruct,no,1,1,145,248,,Novita,stop,0.000118775,700
66,"a company | company expenses | company profit | company revenue || AB,AC,AD,BC",ORACLE,PSEUDO,no,4,False,False,meta-llama/llama-3.3-70b-instruct,no,1,1,146,390,,Novita,stop,0.00017571,700
66,"a company | company expenses | company profit | company revenue || AB,AC,AD,BC",RAW,PSEUDO,no,4,False,False,meta-llama/llama-3.3-70b-instruct,no,1,1,100,319,,Novita,stop,0.0001411,700
67,"first-born child | parent | second-born child | third-born child || AB,AC,AD,BC,BD",DR_k1,PSEUDO,no,4,False,False,meta-llama/llama-3.3-70b-instruct,no,1,1,154,247,,Novita,stop,0.00011959,700
67,"first-born child | parent | second-born child | third-born child || AB,AC,AD,BC,BD",ORACLE,PSEUDO,no,4,False,False,meta-llama/llama-3.3-70b-instruct,no,1,1,146,203,,Novita,stop,0.00010091,700
67,"first-born child | parent | second-born child | third-born child || AB,AC,AD,BC,BD",RAW,PSEUDO,no,4,False,False,meta-llama/llama-3.3-70b-instruct,no,1,1,99,224,,Novita,stop,0.000102965,700
68,"amount of exercise | overall health status | physical fitness level || AB,BC",DR_k1,PSEUDO,no,3,False,False,meta-llama/llama-3.3-70b-instruct,no,1,1,127,177,,Novita,stop,8.7945e-05,700
68,"amount of exercise | overall health status | physical fitness level || AB,BC",ORACLE,PSEUDO,no,3,False,False,meta-llama/llama-3.3-70b-instruct,no,1,1,136,154,,Novita,stop,7.996e-05,700
68,"amount of exercise | overall health status | physical fitness level || AB,BC",RAW,PSEUDO,no,3,False,False,meta-llama/llama-3.3-70b-instruct,no,1,1,98,224,,Novita,stop,0.00010283,700
69,"patient's diet | patient's exercise habits | patient's life expectancy | patient's overall health | patient's stress levels || AD,BD,CD,DE",DR_k1,PSEUDO,no,5,True,True,meta-llama/llama-3.3-70b-instruct,no,1,1,201,171,,Novita,stop,9.5535e-05,700
69,"patient's diet | patient's exercise habits | patient's life expectancy | patient's overall health | patient's stress levels || AD,BD,CD,DE",ORACLE,PSEUDO,no,5,True,True,meta-llama/llama-3.3-70b-instruct,no,1,1,209,190,,Novita,stop,0.000104215,700
69,"patient's diet | patient's exercise habits | patient's life expectancy | patient's overall health | patient's stress levels || AD,BD,CD,DE",RAW,PSEUDO,no,5,True,True,meta-llama/llama-3.3-70b-instruct,no,1,1,148,130,,Novita,stop,7.198e-05,700
71,"the exam score | the number of hours spent sleeping the night before the exam | the number of hours spent studying for an exam || AC,BC",DR_k1,PSEUDO,yes,3,True,True,meta-llama/llama-3.3-70b-instruct,yes,1,1,186,163,,Novita,stop,9.031e-05,700
71,"the exam score | the number of hours spent sleeping the night before the exam | the number of hours spent studying for an exam || AC,BC",ORACLE,PSEUDO,yes,3,True,True,meta-llama/llama-3.3-70b-instruct,yes,1,1,187,134,,Novita,stop,7.8845e-05,700
71,"the exam score | the number of hours spent sleeping the night before the exam | the number of hours spent studying for an exam || AC,BC",RAW,PSEUDO,yes,3,True,True,meta-llama/llama-3.3-70b-instruct,yes,1,1,148,153,,Novita,stop,8.118e-05,700
72,"a person's education level | the person's income | the person's job title | the person's salary || AC,AD,BC",DR_k1,PSEUDO,no,4,False,False,meta-llama/llama-3.3-70b-instruct,no,1,1,139,530,,Novita,stop,0.000230765,700
72,"a person's education level | the person's income | the person's job title | the person's salary || AC,AD,BC",ORACLE,PSEUDO,no,4,False,False,meta-llama/llama-3.3-70b-instruct,no,1,1,138,319,,Novita,stop,0.00014623,700
72,"a person's education level | the person's income | the person's job title | the person's salary || AC,AD,BC",RAW,PSEUDO,no,4,False,False,meta-llama/llama-3.3-70b-instruct,yes,1,0,98,260,,Novita,stop,0.00011723,700
75,"job performance rating | level of education | salary | years of work experience || AC,AD,BC,BD",DR_k1,PSEUDO,yes,4,True,True,meta-llama/llama-3.3-70b-instruct,yes,1,1,204,229,,Novita,stop,0.00011914,700
75,"job performance rating | level of education | salary | years of work experience || AC,AD,BC,BD",ORACLE,PSEUDO,yes,4,True,True,meta-llama/llama-3.3-70b-instruct,yes,1,1,196,181,,Novita,stop,9.886e-05,700
75,"job performance rating | level of education | salary | years of work experience || AC,AD,BC,BD",RAW,PSEUDO,yes,4,True,True,meta-llama/llama-3.3-70b-instruct,yes,1,1,149,158,,Novita,stop,8.3315e-05,700
77,"education level | happiness level | income level | job performance || AB,AC,BD,CD",DR_k1,PSEUDO,no,4,True,True,meta-llama/llama-3.3-70b-instruct,no,1,1,197,421,,Novita,stop,0.000194995,700
77,"education level | happiness level | income level | job performance || AB,AC,BD,CD",ORACLE,PSEUDO,no,4,True,True,meta-llama/llama-3.3-70b-instruct,no,1,1,198,347,,Novita,stop,0.00016553,700
77,"education level | happiness level | income level | job performance || AB,AC,BD,CD",RAW,PSEUDO,no,4,True,True,meta-llama/llama-3.3-70b-instruct,no,1,1,144,124,,Novita,stop,6.904e-05,700
79,"the amount of exercise a person gets | the amount of sleep a person gets | the person's energy level | the person's overall health || AD,BC,CD",DR_k1,PSEUDO,no,4,False,False,meta-llama/llama-3.3-70b-instruct,no,1,1,147,232,,Novita,stop,0.000112645,700
79,"the amount of exercise a person gets | the amount of sleep a person gets | the person's energy level | the person's overall health || AD,BC,CD",ORACLE,PSEUDO,no,4,False,False,meta-llama/llama-3.3-70b-instruct,no,1,1,146,242,,Novita,stop,0.00011651,700
79,"the amount of exercise a person gets | the amount of sleep a person gets | the person's energy level | the person's overall health || AD,BC,CD",RAW,PSEUDO,no,4,False,False,meta-llama/llama-3.3-70b-instruct,yes,1,0,98,300,,Novita,stop,0.00013323,700
82,"the amount of time spent studying | the final grade in the course | the level of understanding of the subject | the test score obtained || AB,AC,BC,BD,CD",DR_k1,PSEUDO,yes,4,True,True,meta-llama/llama-3.3-70b-instruct,yes,1,1,206,388,,Novita,stop,0.00018301,700
82,"the amount of time spent studying | the final grade in the course | the level of understanding of the subject | the test score obtained || AB,AC,BC,BD,CD",ORACLE,PSEUDO,yes,4,True,True,meta-llama/llama-3.3-70b-instruct,yes,1,1,207,370,,Novita,stop,0.000175945,700
82,"the amount of time spent studying | the final grade in the course | the level of understanding of the subject | the test score obtained || AB,AC,BC,BD,CD",RAW,PSEUDO,yes,4,True,True,meta-llama/llama-3.3-70b-instruct,yes,1,1,151,187,,Novita,stop,9.5185e-05,700
83,"the amount of sleep the night before the exam | the number of hours studied for an exam | the overall performance in the course | the score obtained on the exam || AB,AC,BD,CD",DR_k1,PSEUDO,yes,4,True,True,meta-llama/llama-3.3-70b-instruct,yes,1,1,200,181,,Novita,stop,9.94e-05,700
83,"the amount of sleep the night before the exam | the number of hours studied for an exam | the overall performance in the course | the score obtained on the exam || AB,AC,BD,CD",ORACLE,PSEUDO,yes,4,True,True,meta-llama/llama-3.3-70b-instruct,yes,1,1,199,177,,Novita,stop,9.7665e-05,700
83,"the amount of sleep the night before the exam | the number of hours studied for an exam | the overall performance in the course | the score obtained on the exam || AB,AC,BD,CD",RAW,PSEUDO,yes,4,True,True,meta-llama/llama-3.3-70b-instruct,yes,1,1,147,162,,Novita,stop,8.4645e-05,700
92,"customer satisfaction | product quality | revenue | sales || AC,BC,CD",DR_k1,PSEUDO,no,4,False,False,meta-llama/llama-3.3-70b-instruct,no,1,1,149,263,,Novita,stop,0.000125315,700
92,"customer satisfaction | product quality | revenue | sales || AC,BC,CD",ORACLE,PSEUDO,no,4,False,False,meta-llama/llama-3.3-70b-instruct,no,1,1,148,247,,Novita,stop,0.00011878,700
92,"customer satisfaction | product quality | revenue | sales || AC,BC,CD",RAW,PSEUDO,no,4,False,False,meta-llama/llama-3.3-70b-instruct,no,1,1,98,36,,Novita,stop,2.763e-05,700
94,"amount of trash left on the beach | number of people going to the beach | weather conditions || AB,AC,BC",DR_k1,PSEUDO,no,3,False,False,meta-llama/llama-3.3-70b-instruct,yes,1,0,140,75,,Novita,stop,4.89e-05,700
94,"amount of trash left on the beach | number of people going to the beach | weather conditions || AB,AC,BC",ORACLE,PSEUDO,no,3,False,False,meta-llama/llama-3.3-70b-instruct,yes,1,0,141,335,,Novita,stop,0.000153035,700
94,"amount of trash left on the beach | number of people going to the beach | weather conditions || AB,AC,BC",RAW,PSEUDO,no,3,False,False,meta-llama/llama-3.3-70b-instruct,yes,1,0,99,309,,Novita,stop,0.000136965,700
96,"amount of rainfall | crop yield | soil moisture || AB,BC",DR_k1,PSEUDO,no,3,False,False,meta-llama/llama-3.3-70b-instruct,no,1,1,127,335,,Novita,stop,0.000151145,700
96,"amount of rainfall | crop yield | soil moisture || AB,BC",ORACLE,PSEUDO,no,3,False,False,meta-llama/llama-3.3-70b-instruct,no,1,1,136,294,,Novita,stop,0.00013596,700
96,"amount of rainfall | crop yield | soil moisture || AB,BC",RAW,PSEUDO,no,3,False,False,meta-llama/llama-3.3-70b-instruct,no,1,1,98,178,,Novita,stop,8.443e-05,700
97,"availability of alternative routes | road construction | traffic congestion | travel time to destination || AB,AC,AD,BD,CD",DR_k1,PSEUDO,no,4,True,True,meta-llama/llama-3.3-70b-instruct,no,1,1,198,216,,Novita,stop,0.00011313,700
97,"availability of alternative routes | road construction | traffic congestion | travel time to destination || AB,AC,AD,BD,CD",ORACLE,PSEUDO,no,4,True,True,meta-llama/llama-3.3-70b-instruct,no,1,1,197,152,,Novita,stop,8.7395e-05,700
97,"availability of alternative routes | road construction | traffic congestion | travel time to destination || AB,AC,AD,BD,CD",RAW,PSEUDO,no,4,True,True,meta-llama/llama-3.3-70b-instruct,no,1,1,143,134,,Novita,stop,7.2905e-05,700
99,"job experience | job performance | level of education | salary || AB,AD,BC,BD,CD",DR_k1,PSEUDO,yes,4,True,True,meta-llama/llama-3.3-70b-instruct,yes,1,1,210,311,,Novita,stop,0.00015275,700
99,"job experience | job performance | level of education | salary || AB,AD,BC,BD,CD",ORACLE,PSEUDO,yes,4,True,True,meta-llama/llama-3.3-70b-instruct,yes,1,1,210,279,,Novita,stop,0.00013995,700
99,"job experience | job performance | level of education | salary || AB,AD,BC,BD,CD",RAW,PSEUDO,yes,4,True,True,meta-llama/llama-3.3-70b-instruct,yes,1,1,151,175,,Novita,stop,9.0385e-05,700
103,"a company | company expenses | company profit | company revenue || AB,AC,AD,BC",DR_k1,PSEUDO,no,4,False,False,meta-llama/llama-3.3-70b-instruct,no,1,1,147,323,,Novita,stop,0.000149045,700
103,"a company | company expenses | company profit | company revenue || AB,AC,AD,BC",ORACLE,PSEUDO,no,4,False,False,meta-llama/llama-3.3-70b-instruct,no,1,1,147,154,,Novita,stop,8.1445e-05,700
103,"a company | company expenses | company profit | company revenue || AB,AC,AD,BC",RAW,PSEUDO,no,4,False,False,meta-llama/llama-3.3-70b-instruct,no,1,1,100,70,,Novita,stop,4.15e-05,700
104,"amount of exercise | caloric intake | weight loss/gain || AC,BC",DR_k1,PSEUDO,yes,3,True,True,meta-llama/llama-3.3-70b-instruct,yes,1,1,184,242,,Novita,stop,0.00012164,700
104,"amount of exercise | caloric intake | weight loss/gain || AC,BC",ORACLE,PSEUDO,yes,3,True,True,meta-llama/llama-3.3-70b-instruct,yes,1,1,184,136,,Novita,stop,7.924e-05,700
104,"amount of exercise | caloric intake | weight loss/gain || AC,BC",RAW,PSEUDO,yes,3,True,True,meta-llama/llama-3.3-70b-instruct,yes,1,1,147,155,,Novita,stop,8.1845e-05,700
105,"crop yield | economic growth | humidity level | profit of farmers | weather conditions || AB,AC,BC,BD,CD,DE",DR_k1,PSEUDO,yes,5,True,True,meta-llama/llama-3.3-70b-instruct,yes,1,1,217,195,,Novita,stop,0.000107295,700
105,"crop yield | economic growth | humidity level | profit of farmers | weather conditions || AB,AC,BC,BD,CD,DE",ORACLE,PSEUDO,yes,5,True,True,meta-llama/llama-3.3-70b-instruct,yes,1,1,217,195,,Novita,stop,0.000107295,700
105,"crop yield | economic growth | humidity level | profit of farmers | weather conditions || AB,AC,BC,BD,CD,DE",RAW,PSEUDO,yes,5,True,True,meta-llama/llama-3.3-70b-instruct,yes,1,1,148,133,,Novita,stop,7.318e-05,700
107,"amount of rainfall | crop yield | soil moisture level | weather conditions || AC,AD,BC,CD",DR_k1,PSEUDO,yes,4,True,True,meta-llama/llama-3.3-70b-instruct,yes,1,1,203,247,,Novita,stop,0.000126205,700
107,"amount of rainfall | crop yield | soil moisture level | weather conditions || AC,AD,BC,CD",ORACLE,PSEUDO,yes,4,True,True,meta-llama/llama-3.3-70b-instruct,yes,1,1,203,249,,Novita,stop,0.000127005,700
107,"amount of rainfall | crop yield | soil moisture level | weather conditions || AC,AD,BC,CD",RAW,PSEUDO,yes,4,True,True,meta-llama/llama-3.3-70b-instruct,yes,1,1,148,142,,Novita,stop,7.678e-05,700
108,"amount of studying | grade in class | overall academic achievement | test performance || AB,BC,BD,CD",DR_k1,PSEUDO,yes,4,True,True,meta-llama/llama-3.3-70b-instruct,yes,1,1,198,236,,Novita,stop,0.00012113,700
108,"amount of studying | grade in class | overall academic achievement | test performance || AB,BC,BD,CD",ORACLE,PSEUDO,yes,4,True,True,meta-llama/llama-3.3-70b-instruct,yes,1,1,199,226,,Novita,stop,0.000117265,700
108,"amount of studying | grade in class | overall academic achievement | test performance || AB,BC,BD,CD",RAW,PSEUDO,yes,4,True,True,meta-llama/llama-3.3-70b-instruct,yes,1,1,145,131,,Novita,stop,7.1975e-05,700
109,"a manufacturing plant | the efficiency of the plant's machinery | the overall profitability of the plant | the production output of the plant || AB,AC,AD,BC,BD",DR_k1,PSEUDO,no,4,True,True,meta-llama/llama-3.3-70b-instruct,no,1,1,295,596,,Novita,stop,0.000278225,700
109,"a manufacturing plant | the efficiency of the plant's machinery | the overall profitability of the plant | the production output of the plant || AB,AC,AD,BC,BD",ORACLE,PSEUDO,no,4,True,True,meta-llama/llama-3.3-70b-instruct,no,1,1,294,603,,Novita,stop,0.00028089,700
109,"a manufacturing plant | the efficiency of the plant's machinery | the overall profitability of the plant | the production output of the plant || AB,AC,AD,BC,BD",RAW,PSEUDO,no,4,True,True,meta-llama/llama-3.3-70b-instruct,,0,0,244,700,,Novita,length,0.00031294,700
110,"amount of rainfall | crop yield | groundwater level || AB,AC",DR_k1,PSEUDO,no,3,False,False,meta-llama/llama-3.3-70b-instruct,no,1,1,137,546,,Novita,stop,0.000236895,700
110,"amount of rainfall | crop yield | groundwater level || AB,AC",ORACLE,PSEUDO,no,3,False,False,meta-llama/llama-3.3-70b-instruct,no,1,1,130,329,,Novita,stop,0.00014915,700
110,"amount of rainfall | crop yield | groundwater level || AB,AC",RAW,PSEUDO,no,3,False,False,meta-llama/llama-3.3-70b-instruct,no,1,1,100,187,,Novita,stop,8.83e-05,700
114,"the availability of public transportation | the cost of fuel | the number of cars on the road || AC,BC",DR_k1,PSEUDO,no,3,False,False,meta-llama/llama-3.3-70b-instruct,no,1,1,136,196,,Novita,stop,9.676e-05,700
114,"the availability of public transportation | the cost of fuel | the number of cars on the road || AC,BC",ORACLE,PSEUDO,no,3,False,False,meta-llama/llama-3.3-70b-instruct,no,1,1,135,175,,Novita,stop,8.8225e-05,700
114,"the availability of public transportation | the cost of fuel | the number of cars on the road || AC,BC",RAW,PSEUDO,no,3,False,False,meta-llama/llama-3.3-70b-instruct,no,1,1,98,213,,Novita,stop,9.843e-05,700
116,"patient's diet | patient's exercise habits | patient's life expectancy | patient's overall health | patient's stress levels || AD,BD,CD,DE",DR_k1,PSEUDO,no,5,False,False,meta-llama/llama-3.3-70b-instruct,no,1,1,152,305,,Novita,stop,0.00014252,700
116,"patient's diet | patient's exercise habits | patient's life expectancy | patient's overall health | patient's stress levels || AD,BD,CD,DE",ORACLE,PSEUDO,no,5,False,False,meta-llama/llama-3.3-70b-instruct,yes,1,0,161,396,,Novita,stop,0.000180135,700
116,"patient's diet | patient's exercise habits | patient's life expectancy | patient's overall health | patient's stress levels || AD,BD,CD,DE",RAW,PSEUDO,no,5,False,False,meta-llama/llama-3.3-70b-instruct,yes,1,0,98,395,,Novita,stop,0.00017123,700
120,"the amount of exercise a person does | the person's cardiovascular health | the person's immune system | the person's overall health | the person's respiratory health || AB,AD,BC,BE,CD,CE,DE",DR_k1,PSEUDO,yes,5,True,True,meta-llama/llama-3.3-70b-instruct,yes,1,1,222,238,,Novita,stop,0.00012517,700
120,"the amount of exercise a person does | the person's cardiovascular health | the person's immune system | the person's overall health | the person's respiratory health || AB,AD,BC,BE,CD,CE,DE",ORACLE,PSEUDO,yes,5,True,True,meta-llama/llama-3.3-70b-instruct,yes,1,1,222,369,,Novita,stop,0.00017757,700
120,"the amount of exercise a person does | the person's cardiovascular health | the person's immune system | the person's overall health | the person's respiratory health || AB,AD,BC,BE,CD,CE,DE",RAW,PSEUDO,yes,5,True,True,meta-llama/llama-3.3-70b-instruct,yes,1,1,148,133,,Novita,stop,7.318e-05,700
125,"the amount of rainfall in a region | the availability of water for irrigation | the crop yield in the region | the water level in a river || AB,AC,BC,BD,CD",DR_k1,PSEUDO,no,4,False,False,meta-llama/llama-3.3-70b-instruct,no,1,1,153,397,,Novita,stop,0.000179455,700
125,"the amount of rainfall in a region | the availability of water for irrigation | the crop yield in the region | the water level in a river || AB,AC,BC,BD,CD",ORACLE,PSEUDO,no,4,False,False,meta-llama/llama-3.3-70b-instruct,no,1,1,153,414,,Novita,stop,0.000186255,700
125,"the amount of rainfall in a region | the availability of water for irrigation | the crop yield in the region | the water level in a river || AB,AC,BC,BD,CD",RAW,PSEUDO,no,4,False,False,meta-llama/llama-3.3-70b-instruct,yes,1,0,98,232,,Novita,stop,0.00010603,700
129,"amount of sunlight | crop quality | crop yield | weather conditions || AC,AD,BC,BD",DR_k1,PSEUDO,no,4,False,False,meta-llama/llama-3.3-70b-instruct,no,1,1,155,344,,Novita,stop,0.000158525,700
129,"amount of sunlight | crop quality | crop yield | weather conditions || AC,AD,BC,BD",ORACLE,PSEUDO,no,4,False,False,meta-llama/llama-3.3-70b-instruct,no,1,1,147,192,,Novita,stop,9.6645e-05,700
129,"amount of sunlight | crop quality | crop yield | weather conditions || AC,AD,BC,BD",RAW,PSEUDO,no,4,False,False,meta-llama/llama-3.3-70b-instruct,no,1,1,100,152,,Novita,stop,7.43e-05,700
135,"the grade achieved in an exam | the likelihood of getting a scholarship | the likelihood of getting admitted to a university | the number of hours spent studying || AB,BC,BD",DR_k1,PSEUDO,no,4,False,False,meta-llama/llama-3.3-70b-instruct,yes,1,0,129,441,,Novita,stop,0.000193815,700
135,"the grade achieved in an exam | the likelihood of getting a scholarship | the likelihood of getting admitted to a university | the number of hours spent studying || AB,BC,BD",ORACLE,PSEUDO,no,4,False,False,meta-llama/llama-3.3-70b-instruct,no,1,1,138,598,,Novita,stop,0.00025783,700
135,"the grade achieved in an exam | the likelihood of getting a scholarship | the likelihood of getting admitted to a university | the number of hours spent studying || AB,BC,BD",RAW,PSEUDO,no,4,False,False,meta-llama/llama-3.3-70b-instruct,yes,1,0,96,269,,Novita,stop,0.00012056,700
139,"employment status | happiness level | income | level of education || AB,AC,AD",DR_k1,PSEUDO,no,4,False,False,meta-llama/llama-3.3-70b-instruct,no,1,1,142,227,,Novita,stop,0.00010997,700
139,"employment status | happiness level | income | level of education || AB,AC,AD",ORACLE,PSEUDO,no,4,False,False,meta-llama/llama-3.3-70b-instruct,no,1,1,134,77,,Novita,stop,4.889e-05,700
139,"employment status | happiness level | income | level of education || AB,AC,AD",RAW,PSEUDO,no,4,False,False,meta-llama/llama-3.3-70b-instruct,no,1,1,100,173,,Novita,stop,8.27e-05,700
149,"final grade in the class | number of hours of studying for a test | test score || AB,BC",DR_k1,PSEUDO,yes,3,True,True,meta-llama/llama-3.3-70b-instruct,yes,1,1,179,148,,Novita,stop,8.3365e-05,700
149,"final grade in the class | number of hours of studying for a test | test score || AB,BC",ORACLE,PSEUDO,yes,3,True,True,meta-llama/llama-3.3-70b-instruct,yes,1,1,187,159,,Novita,stop,8.8845e-05,700
149,"final grade in the class | number of hours of studying for a test | test score || AB,BC",RAW,PSEUDO,yes,3,True,True,meta-llama/llama-3.3-70b-instruct,yes,1,1,148,162,,Novita,stop,8.478e-05,700
152,"customer satisfaction | product quality | revenue | sales || AC,BC,CD",DR_k1,PSEUDO,no,4,True,True,meta-llama/llama-3.3-70b-instruct,no,1,1,196,323,,Novita,stop,0.00015566,700
152,"customer satisfaction | product quality | revenue | sales || AC,BC,CD",ORACLE,PSEUDO,no,4,True,True,meta-llama/llama-3.3-70b-instruct,no,1,1,197,306,,Novita,stop,0.000148995,700
152,"customer satisfaction | product quality | revenue | sales || AC,BC,CD",RAW,PSEUDO,no,4,True,True,meta-llama/llama-3.3-70b-instruct,no,1,1,148,141,,Novita,stop,7.638e-05,700
157,"the amount of sleep the student gets | the grade the student receives on a test | the number of hours a student studies | the overall academic performance of the student || AB,AD,BD,CD",DR_k1,PSEUDO,yes,4,True,True,meta-llama/llama-3.3-70b-instruct,yes,1,1,203,248,,Novita,stop,0.000126605,700
157,"the amount of sleep the student gets | the grade the student receives on a test | the number of hours a student studies | the overall academic performance of the student || AB,AD,BD,CD",ORACLE,PSEUDO,yes,4,True,True,meta-llama/llama-3.3-70b-instruct,yes,1,1,203,280,,Novita,stop,0.000139405,700
157,"the amount of sleep the student gets | the grade the student receives on a test | the number of hours a student studies | the overall academic performance of the student || AB,AD,BD,CD",RAW,PSEUDO,yes,4,True,True,meta-llama/llama-3.3-70b-instruct,yes,1,1,148,154,,Novita,stop,8.158e-05,700
163,"the final grade of the student | whether a student studies for an exam | whether the student is well-prepared | whether the student performs well on the exam | whether the student understands the material || AB,AC,AD,BC,BD,BE,CD,DE",DR_k1,PSEUDO,no,5,True,True,meta-llama/llama-3.3-70b-instruct,no,1,1,208,282,,Novita,stop,0.00014088,700
163,"the final grade of the student | whether a student studies for an exam | whether the student is well-prepared | whether the student performs well on the exam | whether the student understands the material || AB,AC,AD,BC,BD,BE,CD,DE",ORACLE,PSEUDO,no,5,True,True,meta-llama/llama-3.3-70b-instruct,no,1,1,217,233,,Novita,stop,0.000122495,700
163,"the final grade of the student | whether a student studies for an exam | whether the student is well-prepared | whether the student performs well on the exam | whether the student understands the material || AB,AC,AD,BC,BD,BE,CD,DE",RAW,PSEUDO,no,5,True,True,meta-llama/llama-3.3-70b-instruct,no,1,1,140,141,,Novita,stop,7.53e-05,700
164,"amount of sleep | exam score | number of hours studied || AC,BC",DR_k1,PSEUDO,no,3,False,False,meta-llama/llama-3.3-70b-instruct,no,1,1,139,617,,Novita,stop,0.000265565,700
164,"amount of sleep | exam score | number of hours studied || AC,BC",ORACLE,PSEUDO,no,3,False,False,meta-llama/llama-3.3-70b-instruct,no,1,1,139,249,,Novita,stop,0.000118365,700
164,"amount of sleep | exam score | number of hours studied || AC,BC",RAW,PSEUDO,no,3,False,False,meta-llama/llama-3.3-70b-instruct,no,1,1,100,230,,Novita,stop,0.0001055,700
165,"credit score | income level | loan approval status | savings amount || AB,AC,AD,BD,CD",DR_k1,PSEUDO,yes,4,True,True,meta-llama/llama-3.3-70b-instruct,yes,1,1,300,524,,Novita,stop,0.0002501,700
165,"credit score | income level | loan approval status | savings amount || AB,AC,AD,BD,CD",ORACLE,PSEUDO,yes,4,True,True,meta-llama/llama-3.3-70b-instruct,,0,0,299,700,,Novita,length,0.000320365,700
165,"credit score | income level | loan approval status | savings amount || AB,AC,AD,BD,CD",RAW,PSEUDO,yes,4,True,True,meta-llama/llama-3.3-70b-instruct,,0,0,244,700,,Novita,length,0.00031294,700
168,"education level | happiness level | income level | job performance || AB,AC,BD,CD",DR_k1,PSEUDO,no,4,False,False,meta-llama/llama-3.3-70b-instruct,no,1,1,152,275,,Novita,stop,0.00013052,700
168,"education level | happiness level | income level | job performance || AB,AC,BD,CD",ORACLE,PSEUDO,no,4,False,False,meta-llama/llama-3.3-70b-instruct,no,1,1,151,211,,Novita,stop,0.000104785,700
168,"education level | happiness level | income level | job performance || AB,AC,BD,CD",RAW,PSEUDO,no,4,False,False,meta-llama/llama-3.3-70b-instruct,no,1,1,98,212,,Novita,stop,9.803e-05,700
176,"exam score | grade in the course | number of hours studied || AB,BC",DR_k1,PSEUDO,no,3,False,False,meta-llama/llama-3.3-70b-instruct,no,1,1,130,294,,Novita,stop,0.00013515,700
176,"exam score | grade in the course | number of hours studied || AB,BC",ORACLE,PSEUDO,no,3,False,False,meta-llama/llama-3.3-70b-instruct,no,1,1,138,143,,Novita,stop,7.583e-05,700
176,"exam score | grade in the course | number of hours studied || AB,BC",RAW,PSEUDO,no,3,False,False,meta-llama/llama-3.3-70b-instruct,no,1,1,100,386,,Novita,stop,0.0001679,700
182,"the final grade of the student | whether a student studies for an exam | whether the student is well-prepared | whether the student performs well on the exam | whether the student understands the material || AB,AC,AD,BC,BD,BE,CD,DE",DR_k1,PSEUDO,no,5,True,True,meta-llama/llama-3.3-70b-instruct,no,1,1,327,596,,Novita,stop,0.000282545,700
182,"the final grade of the student | whether a student studies for an exam | whether the student is well-prepared | whether the student performs well on the exam | whether the student understands the material || AB,AC,AD,BC,BD,BE,CD,DE",ORACLE,PSEUDO,no,5,True,True,meta-llama/llama-3.3-70b-instruct,no,1,1,326,588,,Novita,stop,0.00027921,700
182,"the final grade of the student | whether a student studies for an exam | whether the student is well-prepared | whether the student performs well on the exam | whether the student understands the material || AB,AC,AD,BC,BD,BE,CD,DE",RAW,PSEUDO,no,5,True,True,meta-llama/llama-3.3-70b-instruct,no,1,1,250,612,,Novita,stop,0.00027855,700
185,"job experience | job performance | level of education | salary | skills proficiency || AB,AD,AE,BC,BD,CD,CE",DR_k1,PSEUDO,no,5,True,True,meta-llama/llama-3.3-70b-instruct,no,1,1,208,305,,Novita,stop,0.00015008,700
185,"job experience | job performance | level of education | salary | skills proficiency || AB,AD,AE,BC,BD,CD,CE",ORACLE,PSEUDO,no,5,True,True,meta-llama/llama-3.3-70b-instruct,no,1,1,208,240,,Novita,stop,0.00012408,700
185,"job experience | job performance | level of education | salary | skills proficiency || AB,AD,AE,BC,BD,CD,CE",RAW,PSEUDO,no,5,True,True,meta-llama/llama-3.3-70b-instruct,no,1,1,144,128,,Novita,stop,7.064e-05,700
188,"overall health condition | physical fitness level | time spent exercising || AB,AC",DR_k1,PSEUDO,no,3,False,False,meta-llama/llama-3.3-70b-instruct,yes,1,0,138,224,,Novita,stop,0.00010823,700
188,"overall health condition | physical fitness level | time spent exercising || AB,AC",ORACLE,PSEUDO,no,3,False,False,meta-llama/llama-3.3-70b-instruct,no,1,1,130,85,,Novita,stop,5.155e-05,700
188,"overall health condition | physical fitness level | time spent exercising || AB,AC",RAW,PSEUDO,no,3,False,False,meta-llama/llama-3.3-70b-instruct,no,1,1,100,192,,Novita,stop,9.03e-05,700
189,"a person's education level | a person's financial stability | a person's income | a person's job status || AB,AC,AD,BC",DR_k1,PSEUDO,yes,4,True,True,meta-llama/llama-3.3-70b-instruct,yes,1,1,193,276,,Novita,stop,0.000136455,700
189,"a person's education level | a person's financial stability | a person's income | a person's job status || AB,AC,AD,BC",ORACLE,PSEUDO,yes,4,True,True,meta-llama/llama-3.3-70b-instruct,yes,1,1,192,183,,Novita,stop,9.912e-05,700
189,"a person's education level | a person's financial stability | a person's income | a person's job status || AB,AC,AD,BC",RAW,PSEUDO,yes,4,True,True,meta-llama/llama-3.3-70b-instruct,yes,1,1,148,201,,Novita,stop,0.00010038,700
191,"job experience | job performance | level of education | salary || AB,AD,BC,BD,CD",DR_k1,PSEUDO,yes,4,True,True,meta-llama/llama-3.3-70b-instruct,yes,1,1,306,582,,Novita,stop,0.00027411,700
191,"job experience | job performance | level of education | salary || AB,AD,BC,BD,CD",ORACLE,PSEUDO,yes,4,True,True,meta-llama/llama-3.3-70b-instruct,yes,1,1,307,567,,Novita,stop,0.000268245,700
191,"job experience | job performance | level of education | salary || AB,AD,BC,BD,CD",RAW,PSEUDO,yes,4,True,True,meta-llama/llama-3.3-70b-instruct,yes,1,1,249,574,,Novita,stop,0.000263215,700
192,"the amount of exercise a person does | the person's cardiovascular health | the person's immune system | the person's overall health | the person's respiratory health || AB,AD,BC,BE,CD,CE,DE",DR_k1,PSEUDO,no,5,False,False,meta-llama/llama-3.3-70b-instruct,no,1,1,170,191,,Novita,stop,9.935e-05,700
192,"the amount of exercise a person does | the person's cardiovascular health | the person's immune system | the person's overall health | the person's respiratory health || AB,AD,BC,BE,CD,CE,DE",ORACLE,PSEUDO,no,5,False,False,meta-llama/llama-3.3-70b-instruct,no,1,1,171,402,,Novita,stop,0.000183885,700
192,"the amount of exercise a person does | the person's cardiovascular health | the person's immune system | the person's overall health | the person's respiratory health || AB,AD,BC,BE,CD,CE,DE",RAW,PSEUDO,no,5,False,False,meta-llama/llama-3.3-70b-instruct,yes,1,0,100,177,,Novita,stop,8.43e-05,700
193,"amount of rainfall | crop yield | temperature | wind speed || AD,BD,CD",DR_k1,PSEUDO,no,4,True,True,meta-llama/llama-3.3-70b-instruct,no,1,1,199,140,,Novita,stop,8.2865e-05,700
193,"amount of rainfall | crop yield | temperature | wind speed || AD,BD,CD",ORACLE,PSEUDO,no,4,True,True,meta-llama/llama-3.3-70b-instruct,no,1,1,199,147,,Novita,stop,8.5665e-05,700
193,"amount of rainfall | crop yield | temperature | wind speed || AD,BD,CD",RAW,PSEUDO,no,4,True,True,meta-llama/llama-3.3-70b-instruct,no,1,1,148,142,,Novita,stop,7.678e-05,700
195,"credit score | income level | loan approval status | savings amount || AB,AC,AD,BD,CD",DR_k1,PSEUDO,no,4,False,False,meta-llama/llama-3.3-70b-instruct,no,1,1,153,154,,Novita,stop,8.2255e-05,700
195,"credit score | income level | loan approval status | savings amount || AB,AC,AD,BD,CD",ORACLE,PSEUDO,no,4,False,False,meta-llama/llama-3.3-70b-instruct,no,1,1,154,281,,Novita,stop,0.00013319,700
195,"credit score | income level | loan approval status | savings amount || AB,AC,AD,BD,CD",RAW,PSEUDO,no,4,False,False,meta-llama/llama-3.3-70b-instruct,no,1,1,98,152,,Novita,stop,7.403e-05,700
197,"the grade achieved in an exam | the likelihood of getting a scholarship | the likelihood of getting admitted to a university | the number of hours spent studying || AB,BC,BD",DR_k1,PSEUDO,no,4,True,True,meta-llama/llama-3.3-70b-instruct,no,1,1,173,192,,Novita,stop,0.000100155,700
197,"the grade achieved in an exam | the likelihood of getting a scholarship | the likelihood of getting admitted to a university | the number of hours spent studying || AB,BC,BD",ORACLE,PSEUDO,no,4,True,True,meta-llama/llama-3.3-70b-instruct,no,1,1,181,251,,Novita,stop,0.000124835,700
197,"the grade achieved in an exam | the likelihood of getting a scholarship | the likelihood of getting admitted to a university | the number of hours spent studying || AB,BC,BD",RAW,PSEUDO,no,4,True,True,meta-llama/llama-3.3-70b-instruct,no,1,1,140,130,,Novita,stop,7.09e-05,700
205,"whether a person is exposed to a contagious disease | whether the person receives appropriate treatment | whether the person recovers from the disease | whether the person seeks medical attention | whether the person shows symptoms of the disease || AB,AE,BC,BD,CD,CE,DE",DR_k1,PSEUDO,no,5,True,True,meta-llama/llama-3.3-70b-instruct,no,1,1,307,576,,Novita,stop,0.000271845,700
205,"whether a person is exposed to a contagious disease | whether the person receives appropriate treatment | whether the person recovers from the disease | whether the person seeks medical attention | whether the person shows symptoms of the disease || AB,AE,BC,BD,CD,CE,DE",ORACLE,PSEUDO,no,5,True,True,meta-llama/llama-3.3-70b-instruct,no,1,1,306,599,,Novita,stop,0.00028091,700
205,"whether a person is exposed to a contagious disease | whether the person receives appropriate treatment | whether the person recovers from the disease | whether the person seeks medical attention | whether the person shows symptoms of the disease || AB,AE,BC,BD,CD,CE,DE",RAW,PSEUDO,no,5,True,True,meta-llama/llama-3.3-70b-instruct,no,1,1,238,578,,Novita,stop,0.00026333,700
215,"crop yield | the amount of rainfall | the soil moisture level || AB,AC,BC",DR_k1,PSEUDO,no,3,False,False,meta-llama/llama-3.3-70b-instruct,yes,1,0,136,284,,Novita,stop,0.00013196,700
215,"crop yield | the amount of rainfall | the soil moisture level || AB,AC,BC",ORACLE,PSEUDO,no,3,False,False,meta-llama/llama-3.3-70b-instruct,no,1,1,135,307,,Novita,stop,0.000141025,700
215,"crop yield | the amount of rainfall | the soil moisture level || AB,AC,BC",RAW,PSEUDO,no,3,False,False,meta-llama/llama-3.3-70b-instruct,yes,1,0,96,374,,Novita,stop,0.00016256,700
218,"job experience | job performance | level of education | salary | skills proficiency || AB,AD,AE,BC,BD,CD,CE",DR_k1,PSEUDO,no,5,True,True,meta-llama/llama-3.3-70b-instruct,no,1,1,210,290,,Novita,stop,0.00014435,700
218,"job experience | job performance | level of education | salary | skills proficiency || AB,AD,AE,BC,BD,CD,CE",ORACLE,PSEUDO,no,5,True,True,meta-llama/llama-3.3-70b-instruct,no,1,1,209,298,,Novita,stop,0.000147415,700
218,"job experience | job performance | level of education | salary | skills proficiency || AB,AD,AE,BC,BD,CD,CE",RAW,PSEUDO,no,5,True,True,meta-llama/llama-3.3-70b-instruct,no,1,1,148,161,,Novita,stop,8.438e-05,700
220,"amount of rainfall | crop yield | soil moisture level | weather conditions || AC,AD,BC,CD",DR_k1,PSEUDO,yes,4,True,True,meta-llama/llama-3.3-70b-instruct,yes,1,1,305,566,,Novita,stop,0.000267575,700
220,"amount of rainfall | crop yield | soil moisture level | weather conditions || AC,AD,BC,CD",ORACLE,PSEUDO,yes,4,True,True,meta-llama/llama-3.3-70b-instruct,,0,0,305,700,,Novita,length,0.000321175,700
220,"amount of rainfall | crop yield | soil moisture level | weather conditions || AC,AD,BC,CD",RAW,PSEUDO,yes,4,True,True,meta-llama/llama-3.3-70b-instruct,yes,1,1,250,589,,Novita,stop,0.00026935,700
223,"customer satisfaction with a product | number of positive reviews for the product | revenue generated from the product | sales performance of the product || AB,AD,BC,CD",DR_k1,PSEUDO,no,4,False,False,meta-llama/llama-3.3-70b-instruct,no,1,1,152,292,,Novita,stop,0.00013732,700
223,"customer satisfaction with a product | number of positive reviews for the product | revenue generated from the product | sales performance of the product || AB,AD,BC,CD",ORACLE,PSEUDO,no,4,False,False,meta-llama/llama-3.3-70b-instruct,no,1,1,152,298,,Novita,stop,0.00013972,700
223,"customer satisfaction with a product | number of positive reviews for the product | revenue generated from the product | sales performance of the product || AB,AD,BC,CD",RAW,PSEUDO,no,4,False,False,meta-llama/llama-3.3-70b-instruct,no,1,1,98,184,,Novita,stop,8.683e-05,700
226,"the amount of exercise the person does | the amount of sleep a person gets | the overall health of the person | the productivity level of the person || AB,AD,BD,CD",DR_k1,PSEUDO,no,4,True,True,meta-llama/llama-3.3-70b-instruct,no,1,1,197,253,,Novita,stop,0.000127795,700
226,"the amount of exercise the person does | the amount of sleep a person gets | the overall health of the person | the productivity level of the person || AB,AD,BD,CD",ORACLE,PSEUDO,no,4,True,True,meta-llama/llama-3.3-70b-instruct,no,1,1,197,135,,Novita,stop,8.0595e-05,700
226,"the amount of exercise the person does | the amount of sleep a person gets | the overall health of the person | the productivity level of the person || AB,AD,BD,CD",RAW,PSEUDO,no,4,True,True,meta-llama/llama-3.3-70b-instruct,no,1,1,144,131,,Novita,stop,7.184e-05,700
229,"amount of exercise | body weight | caloric intake | overall health || AD,BC,CD",DR_k1,PSEUDO,no,4,False,False,meta-llama/llama-3.3-70b-instruct,no,1,1,145,221,,Novita,stop,0.000107975,700
229,"amount of exercise | body weight | caloric intake | overall health || AD,BC,CD",ORACLE,PSEUDO,no,4,False,False,meta-llama/llama-3.3-70b-instruct,no,1,1,145,254,,Novita,stop,0.000121175,700
229,"amount of exercise | body weight | caloric intake | overall health || AD,BC,CD",RAW,PSEUDO,no,4,False,False,meta-llama/llama-3.3-70b-instruct,yes,1,0,98,155,,Novita,stop,7.523e-05,700
230,"exam score | grade in the course | number of hours studied for an exam || AB,AC,BC",DR_k1,PSEUDO,yes,3,True,True,meta-llama/llama-3.3-70b-instruct,yes,1,1,180,262,,Novita,stop,0.0001291,700
230,"exam score | grade in the course | number of hours studied for an exam || AB,AC,BC",ORACLE,PSEUDO,yes,3,True,True,meta-llama/llama-3.3-70b-instruct,yes,1,1,180,262,,Novita,stop,0.0001291,700
230,"exam score | grade in the course | number of hours studied for an exam || AB,AC,BC",RAW,PSEUDO,yes,3,True,True,meta-llama/llama-3.3-70b-instruct,yes,1,1,140,179,,Novita,stop,9.05e-05,700
231,"the amount of time spent studying | the final grade in the course | the level of understanding of the subject | the test score obtained || AB,AC,BC,BD,CD",DR_k1,PSEUDO,no,4,True,True,meta-llama/llama-3.3-70b-instruct,no,1,1,302,681,,Novita,stop,0.00031317,700
231,"the amount of time spent studying | the final grade in the course | the level of understanding of the subject | the test score obtained || AB,AC,BC,BD,CD",ORACLE,PSEUDO,no,4,True,True,meta-llama/llama-3.3-70b-instruct,no,1,1,303,593,,Novita,stop,0.000278105,700
231,"the amount of time spent studying | the final grade in the course | the level of understanding of the subject | the test score obtained || AB,AC,BC,BD,CD",RAW,PSEUDO,no,4,True,True,meta-llama/llama-3.3-70b-instruct,no,1,1,247,632,,Novita,stop,0.000286145,700
232,"humidity | precipitation | temperature | weather conditions || AB,AC,BC,BD",DR_k1,PSEUDO,no,4,False,False,meta-llama/llama-3.3-70b-instruct,no,1,1,139,213,,Novita,stop,0.000103965,700
232,"humidity | precipitation | temperature | weather conditions || AB,AC,BC,BD",ORACLE,PSEUDO,no,4,False,False,meta-llama/llama-3.3-70b-instruct,no,1,1,139,218,,Novita,stop,0.000105965,700
232,"humidity | precipitation | temperature | weather conditions || AB,AC,BC,BD",RAW,PSEUDO,no,4,False,False,meta-llama/llama-3.3-70b-instruct,no,1,1,96,119,,Novita,stop,6.056e-05,700
234,"patient's diet | patient's exercise habits | patient's life expectancy | patient's overall health | patient's stress levels || AD,BD,CD,DE",DR_k1,PSEUDO,yes,5,True,True,meta-llama/llama-3.3-70b-instruct,yes,1,1,207,185,,Novita,stop,0.000101945,700
234,"patient's diet | patient's exercise habits | patient's life expectancy | patient's overall health | patient's stress levels || AD,BD,CD,DE",ORACLE,PSEUDO,yes,5,True,True,meta-llama/llama-3.3-70b-instruct,yes,1,1,207,298,,Novita,stop,0.000147145,700
234,"patient's diet | patient's exercise habits | patient's life expectancy | patient's overall health | patient's stress levels || AD,BD,CD,DE",RAW,PSEUDO,yes,5,True,True,meta-llama/llama-3.3-70b-instruct,yes,1,1,144,131,,Novita,stop,7.184e-05,700
235,"availability of public transportation | traffic congestion | travel time to work || AB,AC,BC",DR_k1,PSEUDO,no,3,False,False,meta-llama/llama-3.3-70b-instruct,no,1,1,139,141,,Novita,stop,7.5165e-05,700
235,"availability of public transportation | traffic congestion | travel time to work || AB,AC,BC",ORACLE,PSEUDO,no,3,False,False,meta-llama/llama-3.3-70b-instruct,no,1,1,139,152,,Novita,stop,7.9565e-05,700
235,"availability of public transportation | traffic congestion | travel time to work || AB,AC,BC",RAW,PSEUDO,no,3,False,False,meta-llama/llama-3.3-70b-instruct,no,1,1,98,150,,Novita,stop,7.323e-05,700
237,"access to medical facilities | education level | healthcare coverage | income level | overall health status || AC,AE,BC,BE,CD,CE,DE",DR_k1,PSEUDO,yes,5,True,True,meta-llama/llama-3.3-70b-instruct,yes,1,1,223,327,,Novita,stop,0.000160905,700
237,"access to medical facilities | education level | healthcare coverage | income level | overall health status || AC,AE,BC,BE,CD,CE,DE",ORACLE,PSEUDO,yes,5,True,True,meta-llama/llama-3.3-70b-instruct,yes,1,1,223,234,,Novita,stop,0.000123705,700
237,"access to medical facilities | education level | healthcare coverage | income level | overall health status || AC,AE,BC,BE,CD,CE,DE",RAW,PSEUDO,yes,5,True,True,meta-llama/llama-3.3-70b-instruct,yes,1,1,148,163,,Novita,stop,8.518e-05,700
241,"grade in the course | number of hours studied | overall gpa | test performance || AB,BC,CD",DR_k1,PSEUDO,no,4,False,False,meta-llama/llama-3.3-70b-instruct,yes,1,0,146,297,,Novita,stop,0.00013851,700
241,"grade in the course | number of hours studied | overall gpa | test performance || AB,BC,CD",ORACLE,PSEUDO,no,4,False,False,meta-llama/llama-3.3-70b-instruct,no,1,1,147,207,,Novita,stop,0.000102645,700
241,"grade in the course | number of hours studied | overall gpa | test performance || AB,BC,CD",RAW,PSEUDO,no,4,False,False,meta-llama/llama-3.3-70b-instruct,yes,1,0,98,324,,Novita,stop,0.00014283,700
242,"the amount of rainfall in a region | the availability of water for irrigation | the crop yield in the region | the water level in a river || AB,AC,BC,BD,CD",DR_k1,PSEUDO,no,4,True,True,meta-llama/llama-3.3-70b-instruct,no,1,1,197,175,,Novita,stop,9.6595e-05,700
242,"the amount of rainfall in a region | the availability of water for irrigation | the crop yield in the region | the water level in a river || AB,AC,BC,BD,CD",ORACLE,PSEUDO,no,4,True,True,meta-llama/llama-3.3-70b-instruct,no,1,1,196,202,,Novita,stop,0.00010726,700
242,"the amount of rainfall in a region | the availability of water for irrigation | the crop yield in the region | the water level in a river || AB,AC,BC,BD,CD",RAW,PSEUDO,no,4,True,True,meta-llama/llama-3.3-70b-instruct,no,1,1,140,120,,Novita,stop,6.69e-05,700
244,"the decision to bring an umbrella | the weather forecast | whether the person gets wet | whether the person stays dry || AB,BC,BD",DR_k1,PSEUDO,yes,4,True,True,meta-llama/llama-3.3-70b-instruct,yes,1,1,178,224,,Novita,stop,0.00011363,700
244,"the decision to bring an umbrella | the weather forecast | whether the person gets wet | whether the person stays dry || AB,BC,BD",ORACLE,PSEUDO,yes,4,True,True,meta-llama/llama-3.3-70b-instruct,yes,1,1,186,232,,Novita,stop,0.00011791,700
244,"the decision to bring an umbrella | the weather forecast | whether the person gets wet | whether the person stays dry || AB,BC,BD",RAW,PSEUDO,yes,4,True,True,meta-llama/llama-3.3-70b-instruct,yes,1,1,144,153,,Novita,stop,8.064e-05,700
250,"exam score | grade received in the course | number of hours studied for an exam || AB,AC",DR_k1,PSEUDO,no,3,False,False,meta-llama/llama-3.3-70b-instruct,no,1,1,137,466,,Novita,stop,0.000204895,700
250,"exam score | grade received in the course | number of hours studied for an exam || AB,AC",ORACLE,PSEUDO,no,3,False,False,meta-llama/llama-3.3-70b-instruct,no,1,1,128,199,,Novita,stop,9.688e-05,700
250,"exam score | grade received in the course | number of hours studied for an exam || AB,AC",RAW,PSEUDO,no,3,False,False,meta-llama/llama-3.3-70b-instruct,no,1,1,98,321,,Novita,stop,0.00014163,700
251,"the amount of rainfall in a region | the availability of water for irrigation | the crop yield in the region | the water level in a river || AB,AC,BC,BD,CD",DR_k1,PSEUDO,yes,4,True,True,meta-llama/llama-3.3-70b-instruct,yes,1,1,199,216,,Novita,stop,0.000113265,700
251,"the amount of rainfall in a region | the availability of water for irrigation | the crop yield in the region | the water level in a river || AB,AC,BC,BD,CD",ORACLE,PSEUDO,yes,4,True,True,meta-llama/llama-3.3-70b-instruct,yes,1,1,199,193,,Novita,stop,0.000104065,700
251,"the amount of rainfall in a region | the availability of water for irrigation | the crop yield in the region | the water level in a river || AB,AC,BC,BD,CD",RAW,PSEUDO,yes,4,True,True,meta-llama/llama-3.3-70b-instruct,yes,1,1,144,147,,Novita,stop,7.824e-05,700
254,"the amount of sleep the night before the exam | the number of hours studied for an exam | the overall performance in the course | the score obtained on the exam || AB,AC,BD,CD",DR_k1,PSEUDO,no,4,False,False,meta-llama/llama-3.3-70b-instruct,yes,1,0,152,304,,Novita,stop,0.00014212,700
254,"the amount of sleep the night before the exam | the number of hours studied for an exam | the overall performance in the course | the score obtained on the exam || AB,AC,BD,CD",ORACLE,PSEUDO,no,4,False,False,meta-llama/llama-3.3-70b-instruct,yes,1,0,152,362,,Novita,stop,0.00016532,700
254,"the amount of sleep the night before the exam | the number of hours studied for an exam | the overall performance in the course | the score obtained on the exam || AB,AC,BD,CD",RAW,PSEUDO,no,4,False,False,meta-llama/llama-3.3-70b-instruct,yes,1,0,98,283,,Novita,stop,0.00012643,700
256,"amount of exercise | body weight | dietary habits | risk of developing chronic diseases || AC,BC,CD",DR_k1,PSEUDO,no,4,False,False,meta-llama/llama-3.3-70b-instruct,no,1,1,148,180,,Novita,stop,9.198e-05,700
256,"amount of exercise | body weight | dietary habits | risk of developing chronic diseases || AC,BC,CD",ORACLE,PSEUDO,no,4,False,False,meta-llama/llama-3.3-70b-instruct,no,1,1,147,321,,Novita,stop,0.000148245,700
256,"amount of exercise | body weight | dietary habits | risk of developing chronic diseases || AC,BC,CD",RAW,PSEUDO,no,4,False,False,meta-llama/llama-3.3-70b-instruct,no,1,1,98,121,,Novita,stop,6.163e-05,700
259,"humidity | rainfall | temperature || AC,BC",DR_k1,PSEUDO,no,3,True,True,meta-llama/llama-3.3-70b-instruct,no,1,1,187,534,,Novita,stop,0.000238845,700
259,"humidity | rainfall | temperature || AC,BC",ORACLE,PSEUDO,no,3,True,True,meta-llama/llama-3.3-70b-instruct,no,1,1,187,200,,Novita,stop,0.000105245,700
259,"humidity | rainfall | temperature || AC,BC",RAW,PSEUDO,no,3,True,True,meta-llama/llama-3.3-70b-instruct,no,1,1,148,131,,Novita,stop,7.238e-05,700
263,"job experience | job performance | level of education | salary || AB,AD,BC,BD,CD",DR_k1,PSEUDO,no,4,False,False,meta-llama/llama-3.3-70b-instruct,no,1,1,157,318,,Novita,stop,0.000148395,700
263,"job experience | job performance | level of education | salary || AB,AD,BC,BD,CD",ORACLE,PSEUDO,no,4,False,False,meta-llama/llama-3.3-70b-instruct,no,1,1,156,510,,Novita,stop,0.00022506,700
263,"job experience | job performance | level of education | salary || AB,AD,BC,BD,CD",RAW,PSEUDO,no,4,False,False,meta-llama/llama-3.3-70b-instruct,no,1,1,98,206,,Novita,stop,9.563e-05,700
269,"the amount of exercise the person does | the amount of sleep a person gets | the overall health of the person | the productivity level of the person || AB,AD,BD,CD",DR_k1,PSEUDO,yes,4,True,True,meta-llama/llama-3.3-70b-instruct,yes,1,1,289,470,,Novita,stop,0.000227015,700
269,"the amount of exercise the person does | the amount of sleep a person gets | the overall health of the person | the productivity level of the person || AB,AD,BD,CD",ORACLE,PSEUDO,yes,4,True,True,meta-llama/llama-3.3-70b-instruct,yes,1,1,289,573,,Novita,stop,0.000268215,700
269,"the amount of exercise the person does | the amount of sleep a person gets | the overall health of the person | the productivity level of the person || AB,AD,BD,CD",RAW,PSEUDO,yes,4,True,True,meta-llama/llama-3.3-70b-instruct,no,1,0,238,626,,Novita,stop,0.00028253,700
272,"amount of rainfall | crop yield | soil moisture level | weather conditions || AC,AD,BC,CD",DR_k1,PSEUDO,no,4,True,True,meta-llama/llama-3.3-70b-instruct,no,1,1,201,298,,Novita,stop,0.000146335,700
272,"amount of rainfall | crop yield | soil moisture level | weather conditions || AC,AD,BC,CD",ORACLE,PSEUDO,no,4,True,True,meta-llama/llama-3.3-70b-instruct,no,1,1,202,228,,Novita,stop,0.00011847,700
272,"amount of rainfall | crop yield | soil moisture level | weather conditions || AC,AD,BC,CD",RAW,PSEUDO,no,4,True,True,meta-llama/llama-3.3-70b-instruct,no,1,1,148,132,,Novita,stop,7.278e-05,700
273,"a manufacturing plant | the efficiency of the plant's machinery | the overall profitability of the plant | the production output of the plant || AB,AC,AD,BC,BD",DR_k1,PSEUDO,yes,4,True,True,meta-llama/llama-3.3-70b-instruct,yes,1,1,201,226,,Novita,stop,0.000117535,700
273,"a manufacturing plant | the efficiency of the plant's machinery | the overall profitability of the plant | the production output of the plant || AB,AC,AD,BC,BD",ORACLE,PSEUDO,yes,4,True,True,meta-llama/llama-3.3-70b-instruct,yes,1,1,193,264,,Novita,stop,0.000131655,700
273,"a manufacturing plant | the efficiency of the plant's machinery | the overall profitability of the plant | the production output of the plant || AB,AC,AD,BC,BD",RAW,PSEUDO,yes,4,True,True,meta-llama/llama-3.3-70b-instruct,yes,1,1,144,162,,Novita,stop,8.424e-05,700
275,"grade in the course | number of hours studied | overall gpa | test performance || AB,BC,CD",DR_k1,PSEUDO,no,4,False,False,meta-llama/llama-3.3-70b-instruct,no,1,1,139,166,,Novita,stop,8.5165e-05,700
275,"grade in the course | number of hours studied | overall gpa | test performance || AB,BC,CD",ORACLE,PSEUDO,no,4,False,False,meta-llama/llama-3.3-70b-instruct,no,1,1,146,117,,Novita,stop,6.651e-05,700
275,"grade in the course | number of hours studied | overall gpa | test performance || AB,BC,CD",RAW,PSEUDO,no,4,False,False,meta-llama/llama-3.3-70b-instruct,yes,1,0,98,243,,Novita,stop,0.00011043,700
282,"humidity | rainfall | temperature || AC,BC",DR_k1,PSEUDO,no,3,False,False,meta-llama/llama-3.3-70b-instruct,yes,1,0,134,475,,Novita,stop,0.00020809,700
282,"humidity | rainfall | temperature || AC,BC",ORACLE,PSEUDO,no,3,False,False,meta-llama/llama-3.3-70b-instruct,no,1,1,134,229,,Novita,stop,0.00010969,700
282,"humidity | rainfall | temperature || AC,BC",RAW,PSEUDO,no,3,False,False,meta-llama/llama-3.3-70b-instruct,no,1,1,98,209,,Novita,stop,9.683e-05,700
285,"whether a person eats a healthy diet | whether a person exercises regularly | whether a person has good cardiovascular health | whether a person maintains a healthy weight || AB,AD,BC,CD",DR_k1,PSEUDO,yes,4,True,True,meta-llama/llama-3.3-70b-instruct,yes,1,1,197,279,,Novita,stop,0.000138195,700
285,"whether a person eats a healthy diet | whether a person exercises regularly | whether a person has good cardiovascular health | whether a person maintains a healthy weight || AB,AD,BC,CD",ORACLE,PSEUDO,yes,4,True,True,meta-llama/llama-3.3-70b-instruct,yes,1,1,197,194,,Novita,stop,0.000104195,700
285,"whether a person eats a healthy diet | whether a person exercises regularly | whether a person has good cardiovascular health | whether a person maintains a healthy weight || AB,AD,BC,CD",RAW,PSEUDO,yes,4,True,True,meta-llama/llama-3.3-70b-instruct,yes,1,1,144,135,,Novita,stop,7.344e-05,700
289,"crop yield | economic growth | humidity level | profit of farmers | weather conditions || AB,AC,BC,BD,CD,DE",DR_k1,PSEUDO,no,5,False,False,meta-llama/llama-3.3-70b-instruct,no,1,1,171,446,,Novita,stop,0.000201485,700
289,"crop yield | economic growth | humidity level | profit of farmers | weather conditions || AB,AC,BC,BD,CD,DE",ORACLE,PSEUDO,no,5,False,False,meta-llama/llama-3.3-70b-instruct,no,1,1,171,482,,Novita,stop,0.000215885,700
289,"crop yield | economic growth | humidity level | profit of farmers | weather conditions || AB,AC,BC,BD,CD,DE",RAW,PSEUDO,no,5,False,False,meta-llama/llama-3.3-70b-instruct,no,1,1,100,243,,Novita,stop,0.0001107,700
294,"the amount of sleep the student gets | the grade the student receives on a test | the number of hours a student studies | the overall academic performance of the student || AB,AD,BD,CD",DR_k1,PSEUDO,no,4,True,True,meta-llama/llama-3.3-70b-instruct,no,1,1,197,276,,Novita,stop,0.000136995,700
294,"the amount of sleep the student gets | the grade the student receives on a test | the number of hours a student studies | the overall academic performance of the student || AB,AD,BD,CD",ORACLE,PSEUDO,no,4,True,True,meta-llama/llama-3.3-70b-instruct,no,1,1,198,183,,Novita,stop,9.993e-05,700
294,"the amount of sleep the student gets | the grade the student receives on a test | the number of hours a student studies | the overall academic performance of the student || AB,AD,BD,CD",RAW,PSEUDO,no,4,True,True,meta-llama/llama-3.3-70b-instruct,no,1,1,144,180,,Novita,stop,9.144e-05,700
296,"crop yield | economic growth | humidity level | profit of farmers | weather conditions || AB,AC,BC,BD,CD,DE",DR_k1,PSEUDO,no,5,False,False,meta-llama/llama-3.3-70b-instruct,yes,1,0,163,612,,Novita,stop,0.000266805,700
296,"crop yield | economic growth | humidity level | profit of farmers | weather conditions || AB,AC,BC,BD,CD,DE",ORACLE,PSEUDO,no,5,False,False,meta-llama/llama-3.3-70b-instruct,no,1,1,164,457,,Novita,stop,0.00020494,700
296,"crop yield | economic growth | humidity level | profit of farmers | weather conditions || AB,AC,BC,BD,CD,DE",RAW,PSEUDO,no,5,False,False,meta-llama/llama-3.3-70b-instruct,yes,1,0,98,420,,Novita,stop,0.00018123,700
299,"whether a person gets a good grade in the course | whether a person passes the exam | whether a person studies for an exam || AB,AC,BC",DR_k1,PSEUDO,no,3,True,True,meta-llama/llama-3.3-70b-instruct,no,1,1,189,258,,Novita,stop,0.000128715,700
299,"whether a person gets a good grade in the course | whether a person passes the exam | whether a person studies for an exam || AB,AC,BC",ORACLE,PSEUDO,no,3,True,True,meta-llama/llama-3.3-70b-instruct,no,1,1,188,243,,Novita,stop,0.00012258,700
299,"whether a person gets a good grade in the course | whether a person passes the exam | whether a person studies for an exam || AB,AC,BC",RAW,PSEUDO,no,3,True,True,meta-llama/llama-3.3-70b-instruct,no,1,1,148,299,,Novita,stop,0.00013958,700
307,"the amount of time spent studying | the final grade in the course | the level of understanding of the subject | the test score obtained || AB,AC,BC,BD,CD",DR_k1,PSEUDO,yes,4,True,True,meta-llama/llama-3.3-70b-instruct,yes,1,1,300,564,,Novita,stop,0.0002661,700
307,"the amount of time spent studying | the final grade in the course | the level of understanding of the subject | the test score obtained || AB,AC,BC,BD,CD",ORACLE,PSEUDO,yes,4,True,True,meta-llama/llama-3.3-70b-instruct,yes,1,1,300,562,,Novita,stop,0.0002653,700
307,"the amount of time spent studying | the final grade in the course | the level of understanding of the subject | the test score obtained || AB,AC,BC,BD,CD",RAW,PSEUDO,yes,4,True,True,meta-llama/llama-3.3-70b-instruct,yes,1,1,245,587,,Novita,stop,0.000267875,700
311,"whether a person eats a healthy diet | whether a person exercises regularly | whether a person has good cardiovascular health | whether a person maintains a healthy weight || AB,AD,BC,CD",DR_k1,PSEUDO,no,4,False,False,meta-llama/llama-3.3-70b-instruct,no,1,1,150,384,,Novita,stop,0.00017385,700
311,"whether a person eats a healthy diet | whether a person exercises regularly | whether a person has good cardiovascular health | whether a person maintains a healthy weight || AB,AD,BC,CD",ORACLE,PSEUDO,no,4,False,False,meta-llama/llama-3.3-70b-instruct,no,1,1,149,197,,Novita,stop,9.8915e-05,700
311,"whether a person eats a healthy diet | whether a person exercises regularly | whether a person has good cardiovascular health | whether a person maintains a healthy weight || AB,AD,BC,CD",RAW,PSEUDO,no,4,False,False,meta-llama/llama-3.3-70b-instruct,yes,1,0,98,317,,Novita,stop,0.00014003,700
316,"child's education level | child's health status | child's social skills | parents' income || AB,AC,AD",DR_k1,PSEUDO,no,4,False,False,meta-llama/llama-3.3-70b-instruct,yes,1,0,137,233,,Novita,stop,0.000111695,700
316,"child's education level | child's health status | child's social skills | parents' income || AB,AC,AD",ORACLE,PSEUDO,no,4,False,False,meta-llama/llama-3.3-70b-instruct,no,1,1,129,99,,Novita,stop,5.7015e-05,700
316,"child's education level | child's health status | child's social skills | parents' income || AB,AC,AD",RAW,PSEUDO,no,4,False,False,meta-llama/llama-3.3-70b-instruct,no,1,1,96,362,,Novita,stop,0.00015776,700
327,"the amount of exercise the person does | the amount of sleep a person gets | the overall health of the person | the productivity level of the person || AB,AD,BD,CD",DR_k1,PSEUDO,no,4,False,False,meta-llama/llama-3.3-70b-instruct,no,1,1,155,457,,Novita,stop,0.000203725,700
327,"the amount of exercise the person does | the amount of sleep a person gets | the overall health of the person | the productivity level of the person || AB,AD,BD,CD",ORACLE,PSEUDO,no,4,False,False,meta-llama/llama-3.3-70b-instruct,no,1,1,155,289,,Novita,stop,0.000136525,700
327,"the amount of exercise the person does | the amount of sleep a person gets | the overall health of the person | the productivity level of the person || AB,AD,BD,CD",RAW,PSEUDO,no,4,False,False,meta-llama/llama-3.3-70b-instruct,no,1,1,100,117,,Novita,stop,6.03e-05,700
329,"the amount of water poured | the growth rate of plants | the weather condition || AC,BC",DR_k1,PSEUDO,yes,3,True,True,meta-llama/llama-3.3-70b-instruct,yes,1,1,187,135,,Novita,stop,7.9245e-05,700
329,"the amount of water poured | the growth rate of plants | the weather condition || AC,BC",ORACLE,PSEUDO,yes,3,True,True,meta-llama/llama-3.3-70b-instruct,yes,1,1,187,134,,Novita,stop,7.8845e-05,700
329,"the amount of water poured | the growth rate of plants | the weather condition || AC,BC",RAW,PSEUDO,yes,3,True,True,meta-llama/llama-3.3-70b-instruct,yes,1,1,148,142,,Novita,stop,7.678e-05,700
330,"the amount of rainfall | the growth rate of plants | the yield of crops || AB,BC",DR_k1,PSEUDO,no,3,False,False,meta-llama/llama-3.3-70b-instruct,no,1,1,131,179,,Novita,stop,8.9285e-05,700
330,"the amount of rainfall | the growth rate of plants | the yield of crops || AB,BC",ORACLE,PSEUDO,no,3,False,False,meta-llama/llama-3.3-70b-instruct,no,1,1,139,163,,Novita,stop,8.3965e-05,700
330,"the amount of rainfall | the growth rate of plants | the yield of crops || AB,BC",RAW,PSEUDO,no,3,False,False,meta-llama/llama-3.3-70b-instruct,no,1,1,100,118,,Novita,stop,6.07e-05,700
332,"job experience | job performance | level of education | salary || AB,AD,BC,BD,CD",DR_k1,PSEUDO,no,4,True,True,meta-llama/llama-3.3-70b-instruct,no,1,1,205,309,,Novita,stop,0.000151275,700
332,"job experience | job performance | level of education | salary || AB,AD,BC,BD,CD",ORACLE,PSEUDO,no,4,True,True,meta-llama/llama-3.3-70b-instruct,no,1,1,206,304,,Novita,stop,0.00014941,700
332,"job experience | job performance | level of education | salary || AB,AD,BC,BD,CD",RAW,PSEUDO,no,4,True,True,meta-llama/llama-3.3-70b-instruct,no,1,1,148,199,,Novita,stop,9.958e-05,700
334,"customer satisfaction | product quality | revenue | sales || AC,BC,CD",DR_k1,PSEUDO,no,4,True,True,meta-llama/llama-3.3-70b-instruct,no,1,1,181,126,,Novita,stop,7.4835e-05,700
334,"customer satisfaction | product quality | revenue | sales || AC,BC,CD",ORACLE,PSEUDO,no,4,True,True,meta-llama/llama-3.3-70b-instruct,no,1,1,188,126,,Novita,stop,7.578e-05,700
334,"customer satisfaction | product quality | revenue | sales || AC,BC,CD",RAW,PSEUDO,no,4,True,True,meta-llama/llama-3.3-70b-instruct,no,1,1,140,147,,Novita,stop,7.77e-05,700
340,"crop growth | harvest yield | temperature || AB,BC",DR_k1,PSEUDO,no,3,False,False,meta-llama/llama-3.3-70b-instruct,yes,1,0,139,259,,Novita,stop,0.000122365,700
340,"crop growth | harvest yield | temperature || AB,BC",ORACLE,PSEUDO,no,3,False,False,meta-llama/llama-3.3-70b-instruct,no,1,1,139,187,,Novita,stop,9.3565e-05,700
340,"crop growth | harvest yield | temperature || AB,BC",RAW,PSEUDO,no,3,False,False,meta-llama/llama-3.3-70b-instruct,no,1,1,100,159,,Novita,stop,7.71e-05,700
345,"customer satisfaction with a product | number of positive reviews for the product | revenue generated from the product | sales performance of the product || AB,AD,BC,CD",DR_k1,PSEUDO,yes,4,True,True,meta-llama/llama-3.3-70b-instruct,yes,1,1,298,569,,Novita,stop,0.00026783,700
345,"customer satisfaction with a product | number of positive reviews for the product | revenue generated from the product | sales performance of the product || AB,AD,BC,CD",ORACLE,PSEUDO,yes,4,True,True,meta-llama/llama-3.3-70b-instruct,yes,1,1,299,546,,Novita,stop,0.000258765,700
345,"customer satisfaction with a product | number of positive reviews for the product | revenue generated from the product | sales performance of the product || AB,AD,BC,CD",RAW,PSEUDO,yes,4,True,True,meta-llama/llama-3.3-70b-instruct,yes,1,1,244,496,,Novita,stop,0.00023134,700
346,"the amount of rainfall | the amount of water in a reservoir | the availability of drinking water | the water level in a river || AB,AD,BC,BD,CD",DR_k1,PSEUDO,no,4,False,False,meta-llama/llama-3.3-70b-instruct,no,1,1,158,514,,Novita,stop,0.00022693,700
346,"the amount of rainfall | the amount of water in a reservoir | the availability of drinking water | the water level in a river || AB,AD,BC,BD,CD",ORACLE,PSEUDO,no,4,False,False,meta-llama/llama-3.3-70b-instruct,no,1,1,159,406,,Novita,stop,0.000183865,700
346,"the amount of rainfall | the amount of water in a reservoir | the availability of drinking water | the water level in a river || AB,AD,BC,BD,CD",RAW,PSEUDO,no,4,False,False,meta-llama/llama-3.3-70b-instruct,yes,1,0,100,372,,Novita,stop,0.0001623,700
350,"the amount of sleep the student gets | the grade the student receives on a test | the number of hours a student studies | the overall academic performance of the student || AB,AD,BD,CD",DR_k1,PSEUDO,yes,4,True,True,meta-llama/llama-3.3-70b-instruct,yes,1,1,195,208,,Novita,stop,0.000109525,700
350,"the amount of sleep the student gets | the grade the student receives on a test | the number of hours a student studies | the overall academic performance of the student || AB,AD,BD,CD",ORACLE,PSEUDO,yes,4,True,True,meta-llama/llama-3.3-70b-instruct,yes,1,1,195,241,,Novita,stop,0.000122725,700
350,"the amount of sleep the student gets | the grade the student receives on a test | the number of hours a student studies | the overall academic performance of the student || AB,AD,BD,CD",RAW,PSEUDO,yes,4,True,True,meta-llama/llama-3.3-70b-instruct,yes,1,1,144,145,,Novita,stop,7.744e-05,700
356,"the exam score | the number of hours spent sleeping the night before the exam | the number of hours spent studying for an exam || AC,BC",DR_k1,PSEUDO,no,3,False,False,meta-llama/llama-3.3-70b-instruct,no,1,1,135,130,,Novita,stop,7.0225e-05,700
356,"the exam score | the number of hours spent sleeping the night before the exam | the number of hours spent studying for an exam || AC,BC",ORACLE,PSEUDO,no,3,False,False,meta-llama/llama-3.3-70b-instruct,no,1,1,135,187,,Novita,stop,9.3025e-05,700
356,"the exam score | the number of hours spent sleeping the night before the exam | the number of hours spent studying for an exam || AC,BC",RAW,PSEUDO,no,3,False,False,meta-llama/llama-3.3-70b-instruct,no,1,1,98,285,,Novita,stop,0.00012723,700
357,"amount of exercise | overall health status | physical fitness level || AB,BC",DR_k1,PSEUDO,no,3,False,False,meta-llama/llama-3.3-70b-instruct,no,1,1,135,328,,Novita,stop,0.000149425,700
357,"amount of exercise | overall health status | physical fitness level || AB,BC",ORACLE,PSEUDO,no,3,False,False,meta-llama/llama-3.3-70b-instruct,no,1,1,134,233,,Novita,stop,0.00011129,700
357,"amount of exercise | overall health status | physical fitness level || AB,BC",RAW,PSEUDO,no,3,False,False,meta-llama/llama-3.3-70b-instruct,no,1,1,96,198,,Novita,stop,9.216e-05,700
358,"the grade obtained on the exam | whether a student studies for an exam or not | whether the student passes the course or not || AB,BC",DR_k1,PSEUDO,no,3,True,True,meta-llama/llama-3.3-70b-instruct,no,1,1,179,137,,Novita,stop,7.8965e-05,700
358,"the grade obtained on the exam | whether a student studies for an exam or not | whether the student passes the course or not || AB,BC",ORACLE,PSEUDO,no,3,True,True,meta-llama/llama-3.3-70b-instruct,no,1,1,187,137,,Novita,stop,8.0045e-05,700
358,"the grade obtained on the exam | whether a student studies for an exam or not | whether the student passes the course or not || AB,BC",RAW,PSEUDO,no,3,True,True,meta-llama/llama-3.3-70b-instruct,no,1,1,148,137,,Novita,stop,7.478e-05,700
359,"amount of trash left on the beach | number of people going to the beach | weather conditions || AB,AC,BC",DR_k1,PSEUDO,yes,3,True,True,meta-llama/llama-3.3-70b-instruct,,0,0,287,700,,Novita,length,0.000318745,700
359,"amount of trash left on the beach | number of people going to the beach | weather conditions || AB,AC,BC",ORACLE,PSEUDO,yes,3,True,True,meta-llama/llama-3.3-70b-instruct,yes,1,1,287,662,,Novita,stop,0.000303545,700
359,"amount of trash left on the beach | number of people going to the beach | weather conditions || AB,AC,BC",RAW,PSEUDO,yes,3,True,True,meta-llama/llama-3.3-70b-instruct,yes,1,1,244,655,,Novita,stop,0.00029494,700
361,"customer satisfaction with a product | number of positive reviews for the product | revenue generated from the product | sales performance of the product || AB,AD,BC,CD",DR_k1,PSEUDO,no,4,True,True,meta-llama/llama-3.3-70b-instruct,no,1,1,193,156,,Novita,stop,8.8455e-05,700
361,"customer satisfaction with a product | number of positive reviews for the product | revenue generated from the product | sales performance of the product || AB,AD,BC,CD",ORACLE,PSEUDO,no,4,True,True,meta-llama/llama-3.3-70b-instruct,no,1,1,202,257,,Novita,stop,0.00013007,700
361,"customer satisfaction with a product | number of positive reviews for the product | revenue generated from the product | sales performance of the product || AB,AD,BC,CD",RAW,PSEUDO,no,4,True,True,meta-llama/llama-3.3-70b-instruct,no,1,1,148,160,,Novita,stop,8.398e-05,700
365,"the amount of rainfall | the growth of crops | the water level of a river || AB,AC",DR_k1,PSEUDO,no,3,False,False,meta-llama/llama-3.3-70b-instruct,yes,1,0,139,278,,Novita,stop,0.000129965,700
365,"the amount of rainfall | the growth of crops | the water level of a river || AB,AC",ORACLE,PSEUDO,no,3,False,False,meta-llama/llama-3.3-70b-instruct,no,1,1,131,346,,Novita,stop,0.000156085,700
365,"the amount of rainfall | the growth of crops | the water level of a river || AB,AC",RAW,PSEUDO,no,3,False,False,meta-llama/llama-3.3-70b-instruct,no,1,1,100,231,,Novita,stop,0.0001059,700
367,"the amount of exercise a person does | the person's cardiovascular health | the person's immune system | the person's overall health | the person's respiratory health || AB,AD,BC,BE,CD,CE,DE",DR_k1,PSEUDO,no,5,True,True,meta-llama/llama-3.3-70b-instruct,,0,0,316,700,,Novita,length,0.00032266,700
367,"the amount of exercise a person does | the person's cardiovascular health | the person's immune system | the person's overall health | the person's respiratory health || AB,AD,BC,BE,CD,CE,DE",ORACLE,PSEUDO,no,5,True,True,meta-llama/llama-3.3-70b-instruct,no,1,1,316,593,,Novita,stop,0.00027986,700
367,"the amount of exercise a person does | the person's cardiovascular health | the person's immune system | the person's overall health | the person's respiratory health || AB,AD,BC,BE,CD,CE,DE",RAW,PSEUDO,no,5,True,True,meta-llama/llama-3.3-70b-instruct,no,1,1,244,549,,Novita,stop,0.00025254,700
369,"the grade obtained on the exam | whether a student studies for an exam or not | whether the student passes the course or not || AB,BC",DR_k1,PSEUDO,no,3,False,False,meta-llama/llama-3.3-70b-instruct,no,1,1,129,307,,Novita,stop,0.000140215,700
369,"the grade obtained on the exam | whether a student studies for an exam or not | whether the student passes the course or not || AB,BC",ORACLE,PSEUDO,no,3,False,False,meta-llama/llama-3.3-70b-instruct,no,1,1,137,371,,Novita,stop,0.000166895,700
369,"the grade obtained on the exam | whether a student studies for an exam or not | whether the student passes the course or not || AB,BC",RAW,PSEUDO,no,3,False,False,meta-llama/llama-3.3-70b-instruct,no,1,1,99,147,,Novita,stop,7.2165e-05,700
374,"the amount of exercise a person does | the person's cardiovascular health | the person's immune system | the person's overall health | the person's respiratory health || AB,AD,BC,BE,CD,CE,DE",DR_k1,PSEUDO,no,5,False,False,meta-llama/llama-3.3-70b-instruct,no,1,1,170,346,,Novita,stop,0.00016135,700
374,"the amount of exercise a person does | the person's cardiovascular health | the person's immune system | the person's overall health | the person's respiratory health || AB,AD,BC,BE,CD,CE,DE",ORACLE,PSEUDO,no,5,False,False,meta-llama/llama-3.3-70b-instruct,no,1,1,170,365,,Novita,stop,0.00016895,700
374,"the amount of exercise a person does | the person's cardiovascular health | the person's immune system | the person's overall health | the person's respiratory health || AB,AD,BC,BE,CD,CE,DE",RAW,PSEUDO,no,5,False,False,meta-llama/llama-3.3-70b-instruct,no,1,1,96,192,,Novita,stop,8.976e-05,700
375,"employment status | happiness level | income | level of education || AB,AC,AD",DR_k1,PSEUDO,no,4,False,False,meta-llama/llama-3.3-70b-instruct,no,1,1,136,417,,Novita,stop,0.00018516,700
375,"employment status | happiness level | income | level of education || AB,AC,AD",ORACLE,PSEUDO,no,4,False,False,meta-llama/llama-3.3-70b-instruct,no,1,1,129,316,,Novita,stop,0.000143815,700
375,"employment status | happiness level | income | level of education || AB,AC,AD",RAW,PSEUDO,no,4,False,False,meta-llama/llama-3.3-70b-instruct,no,1,1,96,263,,Novita,stop,0.00011816,700
379,"the amount of time spent studying | the final grade in the course | the level of understanding of the subject | the test score obtained || AB,AC,BC,BD,CD",DR_k1,PSEUDO,no,4,False,False,meta-llama/llama-3.3-70b-instruct,no,1,1,158,184,,Novita,stop,9.493e-05,700
379,"the amount of time spent studying | the final grade in the course | the level of understanding of the subject | the test score obtained || AB,AC,BC,BD,CD",ORACLE,PSEUDO,no,4,False,False,meta-llama/llama-3.3-70b-instruct,no,1,1,158,298,,Novita,stop,0.00014053,700
379,"the amount of time spent studying | the final grade in the course | the level of understanding of the subject | the test score obtained || AB,AC,BC,BD,CD",RAW,PSEUDO,no,4,False,False,meta-llama/llama-3.3-70b-instruct,yes,1,0,100,360,,Novita,stop,0.0001575,700
381,"whether a person gets a good grade in the course | whether a person passes the exam | whether a person studies for an exam || AB,AC,BC",DR_k1,PSEUDO,no,3,True,True,meta-llama/llama-3.3-70b-instruct,no,1,1,184,241,,Novita,stop,0.00012124,700
381,"whether a person gets a good grade in the course | whether a person passes the exam | whether a person studies for an exam || AB,AC,BC",ORACLE,PSEUDO,no,3,True,True,meta-llama/llama-3.3-70b-instruct,no,1,1,185,267,,Novita,stop,0.000131775,700
381,"whether a person gets a good grade in the course | whether a person passes the exam | whether a person studies for an exam || AB,AC,BC",RAW,PSEUDO,no,3,True,True,meta-llama/llama-3.3-70b-instruct,no,1,1,144,254,,Novita,stop,0.00012104,700
382,"humidity | temperature | weather conditions || AB,AC",DR_k1,PSEUDO,no,3,False,False,meta-llama/llama-3.3-70b-instruct,no,1,1,133,453,,Novita,stop,0.000199155,700
382,"humidity | temperature | weather conditions || AB,AC",ORACLE,PSEUDO,no,3,False,False,meta-llama/llama-3.3-70b-instruct,no,1,1,126,78,,Novita,stop,4.821e-05,700
382,"humidity | temperature | weather conditions || AB,AC",RAW,PSEUDO,no,3,False,False,meta-llama/llama-3.3-70b-instruct,no,1,1,96,131,,Novita,stop,6.536e-05,700
384,"amount of studying | grade in class | overall academic achievement | test performance || AB,BC,BD,CD",DR_k1,PSEUDO,no,4,False,False,meta-llama/llama-3.3-70b-instruct,no,1,1,151,287,,Novita,stop,0.000135185,700
384,"amount of studying | grade in class | overall academic achievement | test performance || AB,BC,BD,CD",ORACLE,PSEUDO,no,4,False,False,meta-llama/llama-3.3-70b-instruct,no,1,1,151,268,,Novita,stop,0.000127585,700
384,"amount of studying | grade in class | overall academic achievement | test performance || AB,BC,BD,CD",RAW,PSEUDO,no,4,False,False,meta-llama/llama-3.3-70b-instruct,yes,1,0,99,288,,Novita,stop,0.000128565,700
385,"the amount of sleep the night before the exam | the number of hours studied for an exam | the overall performance in the course | the score obtained on the exam || AB,AC,BD,CD",DR_k1,PSEUDO,no,4,True,True,meta-llama/llama-3.3-70b-instruct,no,1,1,203,336,,Novita,stop,0.000161805,700
385,"the amount of sleep the night before the exam | the number of hours studied for an exam | the overall performance in the course | the score obtained on the exam || AB,AC,BD,CD",ORACLE,PSEUDO,no,4,True,True,meta-llama/llama-3.3-70b-instruct,no,1,1,203,222,,Novita,stop,0.000116205,700
385,"the amount of sleep the night before the exam | the number of hours studied for an exam | the overall performance in the course | the score obtained on the exam || AB,AC,BD,CD",RAW,PSEUDO,no,4,True,True,meta-llama/llama-3.3-70b-instruct,no,1,1,148,132,,Novita,stop,7.278e-05,700
388,"grade in the course | number of hours studied | overall gpa | test performance || AB,BC,CD",DR_k1,PSEUDO,yes,4,True,True,meta-llama/llama-3.3-70b-instruct,yes,1,1,180,168,,Novita,stop,9.15e-05,700
388,"grade in the course | number of hours studied | overall gpa | test performance || AB,BC,CD",ORACLE,PSEUDO,yes,4,True,True,meta-llama/llama-3.3-70b-instruct,yes,1,1,188,144,,Novita,stop,8.298e-05,700
388,"grade in the course | number of hours studied | overall gpa | test performance || AB,BC,CD",RAW,PSEUDO,yes,4,True,True,meta-llama/llama-3.3-70b-instruct,yes,1,1,140,150,,Novita,stop,7.89e-05,700
396,"crop yield | economic growth | humidity level | profit of farmers | weather conditions || AB,AC,BC,BD,CD,DE",DR_k1,PSEUDO,no,5,False,False,meta-llama/llama-3.3-70b-instruct,yes,1,0,167,436,,Novita,stop,0.000196945,700
396,"crop yield | economic growth | humidity level | profit of farmers | weather conditions || AB,AC,BC,BD,CD,DE",ORACLE,PSEUDO,no,5,False,False,meta-llama/llama-3.3-70b-instruct,no,1,1,166,423,,Novita,stop,0.00019161,700
396,"crop yield | economic growth | humidity level | profit of farmers | weather conditions || AB,AC,BC,BD,CD,DE",RAW,PSEUDO,no,5,False,False,meta-llama/llama-3.3-70b-instruct,no,1,1,98,217,,Novita,stop,0.00010003,700
397,"amount of exercise | body weight | dietary habits | risk of developing chronic diseases || AC,BC,CD",DR_k1,PSEUDO,no,4,True,True,meta-llama/llama-3.3-70b-instruct,no,1,1,186,214,,Novita,stop,0.00011071,700
397,"amount of exercise | body weight | dietary habits | risk of developing chronic diseases || AC,BC,CD",ORACLE,PSEUDO,no,4,True,True,meta-llama/llama-3.3-70b-instruct,no,1,1,195,412,,Novita,stop,0.000191125,700
397,"amount of exercise | body weight | dietary habits | risk of developing chronic diseases || AC,BC,CD",RAW,PSEUDO,no,4,True,True,meta-llama/llama-3.3-70b-instruct,no,1,1,144,122,,Novita,stop,6.824e-05,700
398,"the amount of water poured | the growth rate of plants | the weather condition || AC,BC",DR_k1,PSEUDO,no,3,False,False,meta-llama/llama-3.3-70b-instruct,no,1,1,134,245,,Novita,stop,0.00011609,700
398,"the amount of water poured | the growth rate of plants | the weather condition || AC,BC",ORACLE,PSEUDO,no,3,False,False,meta-llama/llama-3.3-70b-instruct,no,1,1,135,200,,Novita,stop,9.8225e-05,700
398,"the amount of water poured | the growth rate of plants | the weather condition || AC,BC",RAW,PSEUDO,no,3,False,False,meta-llama/llama-3.3-70b-instruct,yes,1,0,96,286,,Novita,stop,0.00012736,700
400,"child's education level | child's health status | child's social skills | parents' income || AB,AC,AD",DR_k1,PSEUDO,no,4,False,False,meta-llama/llama-3.3-70b-instruct,no,1,1,138,165,,Novita,stop,8.463e-05,700
400,"child's education level | child's health status | child's social skills | parents' income || AB,AC,AD",ORACLE,PSEUDO,no,4,False,False,meta-llama/llama-3.3-70b-instruct,no,1,1,129,130,,Novita,stop,6.9415e-05,700
400,"child's education level | child's health status | child's social skills | parents' income || AB,AC,AD",RAW,PSEUDO,no,4,False,False,meta-llama/llama-3.3-70b-instruct,no,1,1,96,218,,Novita,stop,0.00010016,700
403,"grade in the course | number of hours studied | overall gpa | test performance || AB,BC,CD",DR_k1,PSEUDO,yes,4,True,True,meta-llama/llama-3.3-70b-instruct,yes,1,1,191,159,,Novita,stop,8.9385e-05,700
403,"grade in the course | number of hours studied | overall gpa | test performance || AB,BC,CD",ORACLE,PSEUDO,yes,4,True,True,meta-llama/llama-3.3-70b-instruct,yes,1,1,199,201,,Novita,stop,0.000107265,700
403,"grade in the course | number of hours studied | overall gpa | test performance || AB,BC,CD",RAW,PSEUDO,yes,4,True,True,meta-llama/llama-3.3-70b-instruct,yes,1,1,148,142,,Novita,stop,7.678e-05,700
407,"crop yield | humidity | rainfall | temperature || AB,AC,AD,BC,CD",DR_k1,PSEUDO,no,4,True,True,meta-llama/llama-3.3-70b-instruct,no,1,1,205,232,,Novita,stop,0.000120475,700
407,"crop yield | humidity | rainfall | temperature || AB,AC,AD,BC,CD",ORACLE,PSEUDO,no,4,True,True,meta-llama/llama-3.3-70b-instruct,no,1,1,205,183,,Novita,stop,0.000100875,700
407,"crop yield | humidity | rainfall | temperature || AB,AC,AD,BC,CD",RAW,PSEUDO,no,4,True,True,meta-llama/llama-3.3-70b-instruct,no,1,1,148,211,,Novita,stop,0.00010438,700
409,"the grade achieved in an exam | the likelihood of getting a scholarship | the likelihood of getting admitted to a university | the number of hours spent studying || AB,BC,BD",DR_k1,PSEUDO,no,4,False,False,meta-llama/llama-3.3-70b-instruct,no,1,1,146,437,,Novita,stop,0.00019451,700
409,"the grade achieved in an exam | the likelihood of getting a scholarship | the likelihood of getting admitted to a university | the number of hours spent studying || AB,BC,BD",ORACLE,PSEUDO,no,4,False,False,meta-llama/llama-3.3-70b-instruct,no,1,1,137,350,,Novita,stop,0.000158495,700
409,"the grade achieved in an exam | the likelihood of getting a scholarship | the likelihood of getting admitted to a university | the number of hours spent studying || AB,BC,BD",RAW,PSEUDO,no,4,False,False,meta-llama/llama-3.3-70b-instruct,no,1,1,96,313,,Novita,stop,0.00013816,700
412,"the amount of sleep the student gets | the grade the student receives on a test | the number of hours a student studies | the overall academic performance of the student || AB,AD,BD,CD",DR_k1,PSEUDO,no,4,True,True,meta-llama/llama-3.3-70b-instruct,no,1,1,193,201,,Novita,stop,0.000106455,700
412,"the amount of sleep the student gets | the grade the student receives on a test | the number of hours a student studies | the overall academic performance of the student || AB,AD,BD,CD",ORACLE,PSEUDO,no,4,True,True,meta-llama/llama-3.3-70b-instruct,no,1,1,192,117,,Novita,stop,7.272e-05,700
412,"the amount of sleep the student gets | the grade the student receives on a test | the number of hours a student studies | the overall academic performance of the student || AB,AD,BD,CD",RAW,PSEUDO,no,4,True,True,meta-llama/llama-3.3-70b-instruct,no,1,1,140,163,,Novita,stop,8.41e-05,700
422,"availability of alternative routes | road construction | traffic congestion | travel time to destination || AB,AC,AD,BD,CD",DR_k1,PSEUDO,no,4,True,True,meta-llama/llama-3.3-70b-instruct,no,1,1,309,602,,Novita,stop,0.000282515,700
422,"availability of alternative routes | road construction | traffic congestion | travel time to destination || AB,AC,AD,BD,CD",ORACLE,PSEUDO,no,4,True,True,meta-llama/llama-3.3-70b-instruct,no,1,1,308,570,,Novita,stop,0.00026958,700
422,"availability of alternative routes | road construction | traffic congestion | travel time to destination || AB,AC,AD,BD,CD",RAW,PSEUDO,no,4,True,True,meta-llama/llama-3.3-70b-instruct,no,1,1,250,671,,Novita,stop,0.00030215,700
427,"the amount of rainfall | the amount of water in a reservoir | the availability of drinking water | the water level in a river || AB,AD,BC,BD,CD",DR_k1,PSEUDO,no,4,False,False,meta-llama/llama-3.3-70b-instruct,no,1,1,154,472,,Novita,stop,0.00020959,700
427,"the amount of rainfall | the amount of water in a reservoir | the availability of drinking water | the water level in a river || AB,AD,BC,BD,CD",ORACLE,PSEUDO,no,4,False,False,meta-llama/llama-3.3-70b-instruct,no,1,1,153,183,,Novita,stop,9.3855e-05,700
427,"the amount of rainfall | the amount of water in a reservoir | the availability of drinking water | the water level in a river || AB,AD,BC,BD,CD",RAW,PSEUDO,no,4,False,False,meta-llama/llama-3.3-70b-instruct,no,1,1,98,204,,Novita,stop,9.483e-05,700
435,"investment in advertising | number of website visits | sales revenue || AB,AC,BC",DR_k1,PSEUDO,no,3,False,False,meta-llama/llama-3.3-70b-instruct,yes,1,0,138,266,,Novita,stop,0.00012503,700
435,"investment in advertising | number of website visits | sales revenue || AB,AC,BC",ORACLE,PSEUDO,no,3,False,False,meta-llama/llama-3.3-70b-instruct,no,1,1,138,177,,Novita,stop,8.943e-05,700
435,"investment in advertising | number of website visits | sales revenue || AB,AC,BC",RAW,PSEUDO,no,3,False,False,meta-llama/llama-3.3-70b-instruct,yes,1,0,96,307,,Novita,stop,0.00013576,700
438,"job performance rating | level of education | salary | years of work experience || AC,AD,BC,BD",DR_k1,PSEUDO,no,4,False,False,meta-llama/llama-3.3-70b-instruct,no,1,1,151,334,,Novita,stop,0.000153985,700
438,"job performance rating | level of education | salary | years of work experience || AC,AD,BC,BD",ORACLE,PSEUDO,no,4,False,False,meta-llama/llama-3.3-70b-instruct,no,1,1,143,438,,Novita,stop,0.000194505,700
438,"job performance rating | level of education | salary | years of work experience || AC,AD,BC,BD",RAW,PSEUDO,no,4,False,False,meta-llama/llama-3.3-70b-instruct,no,1,1,98,404,,Novita,stop,0.00017483,700
440,"amount of exercise | blood pressure | heart rate || AB,AC",DR_k1,PSEUDO,no,3,False,False,meta-llama/llama-3.3-70b-instruct,no,1,1,137,540,,Novita,stop,0.000234495,700
440,"amount of exercise | blood pressure | heart rate || AB,AC",ORACLE,PSEUDO,no,3,False,False,meta-llama/llama-3.3-70b-instruct,no,1,1,128,303,,Novita,stop,0.00013848,700
440,"amount of exercise | blood pressure | heart rate || AB,AC",RAW,PSEUDO,no,3,False,False,meta-llama/llama-3.3-70b-instruct,no,1,1,98,381,,Novita,stop,0.00016563,700
442,"the final grade of the student | whether a student studies for an exam | whether the student is well-prepared | whether the student performs well on the exam | whether the student understands the material || AB,AC,AD,BC,BD,BE,CD,DE",DR_k1,PSEUDO,yes,5,True,True,meta-llama/llama-3.3-70b-instruct,yes,1,1,211,288,,Novita,stop,0.000143685,700
442,"the final grade of the student | whether a student studies for an exam | whether the student is well-prepared | whether the student performs well on the exam | whether the student understands the material || AB,AC,AD,BC,BD,BE,CD,DE",ORACLE,PSEUDO,yes,5,True,True,meta-llama/llama-3.3-70b-instruct,yes,1,1,218,298,,Novita,stop,0.00014863,700
442,"the final grade of the student | whether a student studies for an exam | whether the student is well-prepared | whether the student performs well on the exam | whether the student understands the material || AB,AC,AD,BC,BD,BE,CD,DE",RAW,PSEUDO,yes,5,True,True,meta-llama/llama-3.3-70b-instruct,yes,1,1,144,131,,Novita,stop,7.184e-05,700
444,"job experience | job performance | level of education | salary || AB,AD,BC,BD,CD",DR_k1,PSEUDO,no,4,True,True,meta-llama/llama-3.3-70b-instruct,no,1,1,198,202,,Novita,stop,0.00010753,700
444,"job experience | job performance | level of education | salary || AB,AD,BC,BD,CD",ORACLE,PSEUDO,no,4,True,True,meta-llama/llama-3.3-70b-instruct,no,1,1,199,219,,Novita,stop,0.000114465,700
444,"job experience | job performance | level of education | salary || AB,AD,BC,BD,CD",RAW,PSEUDO,no,4,True,True,meta-llama/llama-3.3-70b-instruct,no,1,1,144,136,,Novita,stop,7.384e-05,700
450,"customer satisfaction with a product | number of positive reviews for the product | revenue generated from the product | sales performance of the product || AB,AD,BC,CD",DR_k1,PSEUDO,yes,4,True,True,meta-llama/llama-3.3-70b-instruct,yes,1,1,202,264,,Novita,stop,0.00013287,700
450,"customer satisfaction with a product | number of positive reviews for the product | revenue generated from the product | sales performance of the product || AB,AD,BC,CD",ORACLE,PSEUDO,yes,4,True,True,meta-llama/llama-3.3-70b-instruct,yes,1,1,202,252,,Novita,stop,0.00012807,700
450,"customer satisfaction with a product | number of positive reviews for the product | revenue generated from the product | sales performance of the product || AB,AD,BC,CD",RAW,PSEUDO,yes,4,True,True,meta-llama/llama-3.3-70b-instruct,yes,1,1,148,188,,Novita,stop,9.518e-05,700
457,"exam score | grade received in the course | number of hours studied for an exam || AB,AC",DR_k1,PSEUDO,yes,3,True,True,meta-llama/llama-3.3-70b-instruct,yes,1,1,182,130,,Novita,stop,7.657e-05,700
457,"exam score | grade received in the course | number of hours studied for an exam || AB,AC",ORACLE,PSEUDO,yes,3,True,True,meta-llama/llama-3.3-70b-instruct,yes,1,1,174,130,,Novita,stop,7.549e-05,700
457,"exam score | grade received in the course | number of hours studied for an exam || AB,AC",RAW,PSEUDO,yes,3,True,True,meta-llama/llama-3.3-70b-instruct,yes,1,1,144,117,,Novita,stop,6.624e-05,700
459,"availability of public transportation | traffic congestion | travel time to work || AB,AC,BC",DR_k1,PSEUDO,no,3,False,False,meta-llama/llama-3.3-70b-instruct,no,1,1,140,196,,Novita,stop,9.73e-05,700
459,"availability of public transportation | traffic congestion | travel time to work || AB,AC,BC",ORACLE,PSEUDO,no,3,False,False,meta-llama/llama-3.3-70b-instruct,no,1,1,140,258,,Novita,stop,0.0001221,700
459,"availability of public transportation | traffic congestion | travel time to work || AB,AC,BC",RAW,PSEUDO,no,3,False,False,meta-llama/llama-3.3-70b-instruct,yes,1,0,98,329,,Novita,stop,0.00014483,700
460,"the amount of rainfall in a region | the availability of water for irrigation | the crop yield in the region | the water level in a river || AB,AC,BC,BD,CD",DR_k1,PSEUDO,no,4,True,True,meta-llama/llama-3.3-70b-instruct,no,1,1,198,247,,Novita,stop,0.00012553,700
460,"the amount of rainfall in a region | the availability of water for irrigation | the crop yield in the region | the water level in a river || AB,AC,BC,BD,CD",ORACLE,PSEUDO,no,4,True,True,meta-llama/llama-3.3-70b-instruct,no,1,1,198,255,,Novita,stop,0.00012873,700
460,"the amount of rainfall in a region | the availability of water for irrigation | the crop yield in the region | the water level in a river || AB,AC,BC,BD,CD",RAW,PSEUDO,no,4,True,True,meta-llama/llama-3.3-70b-instruct,no,1,1,144,133,,Novita,stop,7.264e-05,700
462,"education level | happiness level | income level | job performance || AB,AC,BD,CD",DR_k1,PSEUDO,no,4,False,False,meta-llama/llama-3.3-70b-instruct,no,1,1,155,508,,Novita,stop,0.000224125,700
462,"education level | happiness level | income level | job performance || AB,AC,BD,CD",ORACLE,PSEUDO,no,4,False,False,meta-llama/llama-3.3-70b-instruct,no,1,1,155,247,,Novita,stop,0.000119725,700
462,"education level | happiness level | income level | job performance || AB,AC,BD,CD",RAW,PSEUDO,no,4,False,False,meta-llama/llama-3.3-70b-instruct,no,1,1,100,204,,Novita,stop,9.51e-05,700
465,"the amount of rainfall in a region | the availability of water for irrigation | the crop yield in the region | the water level in a river || AB,AC,BC,BD,CD",DR_k1,PSEUDO,yes,4,True,True,meta-llama/llama-3.3-70b-instruct,yes,1,1,206,342,,Novita,stop,0.00016461,700
465,"the amount of rainfall in a region | the availability of water for irrigation | the crop yield in the region | the water level in a river || AB,AC,BC,BD,CD",ORACLE,PSEUDO,yes,4,True,True,meta-llama/llama-3.3-70b-instruct,yes,1,1,205,250,,Novita,stop,0.000127675,700
465,"the amount of rainfall in a region | the availability of water for irrigation | the crop yield in the region | the water level in a river || AB,AC,BC,BD,CD",RAW,PSEUDO,yes,4,True,True,meta-llama/llama-3.3-70b-instruct,yes,1,1,148,222,,Novita,stop,0.00010878,700
467,"child's education level | child's health status | child's social skills | parents' income || AB,AC,AD",DR_k1,PSEUDO,no,4,False,False,meta-llama/llama-3.3-70b-instruct,no,1,1,142,488,,Novita,stop,0.00021437,700
467,"child's education level | child's health status | child's social skills | parents' income || AB,AC,AD",ORACLE,PSEUDO,no,4,False,False,meta-llama/llama-3.3-70b-instruct,no,1,1,134,339,,Novita,stop,0.00015369,700
467,"child's education level | child's health status | child's social skills | parents' income || AB,AC,AD",RAW,PSEUDO,no,4,False,False,meta-llama/llama-3.3-70b-instruct,no,1,1,100,126,,Novita,stop,6.39e-05,700
471,"whether a person is exposed to a contagious disease | whether the person receives appropriate treatment | whether the person recovers from the disease | whether the person seeks medical attention | whether the person shows symptoms of the disease || AB,AE,BC,BD,CD,CE,DE",DR_k1,PSEUDO,no,5,False,False,meta-llama/llama-3.3-70b-instruct,no,1,1,167,535,,Novita,stop,0.000236545,700
471,"whether a person is exposed to a contagious disease | whether the person receives appropriate treatment | whether the person recovers from the disease | whether the person seeks medical attention | whether the person shows symptoms of the disease || AB,AE,BC,BD,CD,CE,DE",ORACLE,PSEUDO,no,5,False,False,meta-llama/llama-3.3-70b-instruct,no,1,1,167,616,,Novita,stop,0.000268945,700
471,"whether a person is exposed to a contagious disease | whether the person receives appropriate treatment | whether the person recovers from the disease | whether the person seeks medical attention | whether the person shows symptoms of the disease || AB,AE,BC,BD,CD,CE,DE",RAW,PSEUDO,no,5,False,False,meta-llama/llama-3.3-70b-instruct,no,1,1,96,225,,Novita,stop,0.00010296,700
474,"whether a person is exposed to a contagious disease | whether the person receives appropriate treatment | whether the person recovers from the disease | whether the person seeks medical attention | whether the person shows symptoms of the disease || AB,AE,BC,BD,CD,CE,DE",DR_k1,PSEUDO,no,5,False,False,meta-llama/llama-3.3-70b-instruct,no,1,1,175,518,,Novita,stop,0.000230825,700
474,"whether a person is exposed to a contagious disease | whether the person receives appropriate treatment | whether the person recovers from the disease | whether the person seeks medical attention | whether the person shows symptoms of the disease || AB,AE,BC,BD,CD,CE,DE",ORACLE,PSEUDO,no,5,False,False,meta-llama/llama-3.3-70b-instruct,no,1,1,175,444,,Novita,stop,0.000201225,700
474,"whether a person is exposed to a contagious disease | whether the person receives appropriate treatment | whether the person recovers from the disease | whether the person seeks medical attention | whether the person shows symptoms of the disease || AB,AE,BC,BD,CD,CE,DE",RAW,PSEUDO,no,5,False,False,meta-llama/llama-3.3-70b-instruct,no,1,1,100,200,,Novita,stop,9.35e-05,700
476,"whether a person is exposed to a contagious disease | whether the person receives appropriate treatment | whether the person recovers from the disease | whether the person seeks medical attention | whether the person shows symptoms of the disease || AB,AE,BC,BD,CD,CE,DE",DR_k1,PSEUDO,no,5,False,False,meta-llama/llama-3.3-70b-instruct,yes,1,0,172,481,,Novita,stop,0.00021562,700
476,"whether a person is exposed to a contagious disease | whether the person receives appropriate treatment | whether the person recovers from the disease | whether the person seeks medical attention | whether the person shows symptoms of the disease || AB,AE,BC,BD,CD,CE,DE",ORACLE,PSEUDO,no,5,False,False,meta-llama/llama-3.3-70b-instruct,no,1,1,172,193,,Novita,stop,0.00010042,700
476,"whether a person is exposed to a contagious disease | whether the person receives appropriate treatment | whether the person recovers from the disease | whether the person seeks medical attention | whether the person shows symptoms of the disease || AB,AE,BC,BD,CD,CE,DE",RAW,PSEUDO,no,5,False,False,meta-llama/llama-3.3-70b-instruct,no,1,1,100,320,,Novita,stop,0.0001415,700
477,"the amount of sleep the night before the exam | the exam score | the number of hours studied for an exam || AC,BC",DR_k1,PSEUDO,no,3,False,False,meta-llama/llama-3.3-70b-instruct,no,1,1,137,262,,Novita,stop,0.000123295,700
477,"the amount of sleep the night before the exam | the exam score | the number of hours studied for an exam || AC,BC",ORACLE,PSEUDO,no,3,False,False,meta-llama/llama-3.3-70b-instruct,no,1,1,137,101,,Novita,stop,5.8895e-05,700
477,"the amount of sleep the night before the exam | the exam score | the number of hours studied for an exam || AC,BC",RAW,PSEUDO,no,3,False,False,meta-llama/llama-3.3-70b-instruct,no,1,1,98,226,,Novita,stop,0.00010363,700
481,"the amount of exercise a person does per week | the person's physical fitness level | the person's risk of developing chronic diseases || AB,AC",DR_k1,PSEUDO,no,3,False,False,meta-llama/llama-3.3-70b-instruct,no,1,1,135,475,,Novita,stop,0.000208225,700
481,"the amount of exercise a person does per week | the person's physical fitness level | the person's risk of developing chronic diseases || AB,AC",ORACLE,PSEUDO,no,3,False,False,meta-llama/llama-3.3-70b-instruct,no,1,1,128,367,,Novita,stop,0.00016408,700
481,"the amount of exercise a person does per week | the person's physical fitness level | the person's risk of developing chronic diseases || AB,AC",RAW,PSEUDO,no,3,False,False,meta-llama/llama-3.3-70b-instruct,no,1,1,98,343,,Novita,stop,0.00015043,700
500,"amount of sunlight | crop quality | crop yield | weather conditions || AC,AD,BC,BD",DR_k1,PSEUDO,no,4,False,False,meta-llama/llama-3.3-70b-instruct,yes,1,0,148,316,,Novita,stop,0.00014638,700
500,"amount of sunlight | crop quality | crop yield | weather conditions || AC,AD,BC,BD",ORACLE,PSEUDO,no,4,False,False,meta-llama/llama-3.3-70b-instruct,no,1,1,139,311,,Novita,stop,0.000143165,700
500,"amount of sunlight | crop quality | crop yield | weather conditions || AC,AD,BC,BD",RAW,PSEUDO,no,4,False,False,meta-llama/llama-3.3-70b-instruct,no,1,1,96,170,,Novita,stop,8.096e-05,700
501,"amount of rainfall | crop yield | humidity | temperature || AD,BD,CD",DR_k1,PSEUDO,no,4,True,True,meta-llama/llama-3.3-70b-instruct,no,1,1,195,148,,Novita,stop,8.5525e-05,700
501,"amount of rainfall | crop yield | humidity | temperature || AD,BD,CD",ORACLE,PSEUDO,no,4,True,True,meta-llama/llama-3.3-70b-instruct,no,1,1,195,148,,Novita,stop,8.5525e-05,700
501,"amount of rainfall | crop yield | humidity | temperature || AD,BD,CD",RAW,PSEUDO,no,4,True,True,meta-llama/llama-3.3-70b-instruct,no,1,1,144,133,,Novita,stop,7.264e-05,700
502,"job performance rating | level of education | salary | years of work experience || AC,AD,BC,BD",DR_k1,PSEUDO,no,4,False,False,meta-llama/llama-3.3-70b-instruct,no,1,1,152,382,,Novita,stop,0.00017332,700
502,"job performance rating | level of education | salary | years of work experience || AC,AD,BC,BD",ORACLE,PSEUDO,no,4,False,False,meta-llama/llama-3.3-70b-instruct,no,1,1,144,304,,Novita,stop,0.00014104,700
502,"job performance rating | level of education | salary | years of work experience || AC,AD,BC,BD",RAW,PSEUDO,no,4,False,False,meta-llama/llama-3.3-70b-instruct,yes,1,0,99,254,,Novita,stop,0.000114965,700
507,"job performance | job satisfaction | level of education | salary || AB,BC,BD,CD",DR_k1,PSEUDO,yes,4,True,True,meta-llama/llama-3.3-70b-instruct,yes,1,1,190,208,,Novita,stop,0.00010885,700
507,"job performance | job satisfaction | level of education | salary || AB,BC,BD,CD",ORACLE,PSEUDO,yes,4,True,True,meta-llama/llama-3.3-70b-instruct,yes,1,1,198,219,,Novita,stop,0.00011433,700
507,"job performance | job satisfaction | level of education | salary || AB,BC,BD,CD",RAW,PSEUDO,yes,4,True,True,meta-llama/llama-3.3-70b-instruct,yes,1,1,144,146,,Novita,stop,7.784e-05,700
511,"the amount of exercise a person does | the person's cardiovascular health | the person's immune system | the person's overall health | the person's respiratory health || AB,AD,BC,BE,CD,CE,DE",DR_k1,PSEUDO,no,5,True,True,meta-llama/llama-3.3-70b-instruct,no,1,1,214,541,,Novita,stop,0.00024529,700
511,"the amount of exercise a person does | the person's cardiovascular health | the person's immune system | the person's overall health | the person's respiratory health || AB,AD,BC,BE,CD,CE,DE",ORACLE,PSEUDO,no,5,True,True,meta-llama/llama-3.3-70b-instruct,no,1,1,213,288,,Novita,stop,0.000143955,700
511,"the amount of exercise a person does | the person's cardiovascular health | the person's immune system | the person's overall health | the person's respiratory health || AB,AD,BC,BE,CD,CE,DE",RAW,PSEUDO,no,5,True,True,meta-llama/llama-3.3-70b-instruct,no,1,1,144,148,,Novita,stop,7.864e-05,700
512,"amount of rainfall | crop yield | temperature | wind speed || AD,BD,CD",DR_k1,PSEUDO,no,4,False,False,meta-llama/llama-3.3-70b-instruct,no,1,1,151,579,,Novita,stop,0.000251985,700
512,"amount of rainfall | crop yield | temperature | wind speed || AD,BD,CD",ORACLE,PSEUDO,no,4,False,False,meta-llama/llama-3.3-70b-instruct,no,1,1,151,213,,Novita,stop,0.000105585,700
512,"amount of rainfall | crop yield | temperature | wind speed || AD,BD,CD",RAW,PSEUDO,no,4,False,False,meta-llama/llama-3.3-70b-instruct,no,1,1,100,219,,Novita,stop,0.0001011,700
513,"arrival time at work | availability of public transportation | distance from home to workplace | traffic congestion | weather condition || AC,BC,CD,ED",DR_k1,PSEUDO,yes,5,True,True,meta-llama/llama-3.3-70b-instruct,yes,1,1,210,228,,Novita,stop,0.00011955,700
513,"arrival time at work | availability of public transportation | distance from home to workplace | traffic congestion | weather condition || AC,BC,CD,ED",ORACLE,PSEUDO,yes,5,True,True,meta-llama/llama-3.3-70b-instruct,yes,1,1,211,148,,Novita,stop,8.7685e-05,700
513,"arrival time at work | availability of public transportation | distance from home to workplace | traffic congestion | weather condition || AC,BC,CD,ED",RAW,PSEUDO,yes,5,True,True,meta-llama/llama-3.3-70b-instruct,yes,1,1,150,142,,Novita,stop,7.705e-05,700
514,"the availability of public transportation | the cost of fuel | the number of cars on the road || AC,BC",DR_k1,PSEUDO,no,3,False,False,meta-llama/llama-3.3-70b-instruct,no,1,1,132,282,,Novita,stop,0.00013062,700
514,"the availability of public transportation | the cost of fuel | the number of cars on the road || AC,BC",ORACLE,PSEUDO,no,3,False,False,meta-llama/llama-3.3-70b-instruct,no,1,1,132,147,,Novita,stop,7.662e-05,700
514,"the availability of public transportation | the cost of fuel | the number of cars on the road || AC,BC",RAW,PSEUDO,no,3,False,False,meta-llama/llama-3.3-70b-instruct,no,1,1,96,82,,Novita,stop,4.576e-05,700
515,"the final grade of the student | whether a student studies for an exam | whether the student is well-prepared | whether the student performs well on the exam | whether the student understands the material || AB,AC,AD,BC,BD,BE,CD,DE",DR_k1,PSEUDO,yes,5,True,True,meta-llama/llama-3.3-70b-instruct,yes,1,1,212,183,,Novita,stop,0.00010182,700
515,"the final grade of the student | whether a student studies for an exam | whether the student is well-prepared | whether the student performs well on the exam | whether the student understands the material || AB,AC,AD,BC,BD,BE,CD,DE",ORACLE,PSEUDO,yes,5,True,True,meta-llama/llama-3.3-70b-instruct,yes,1,1,220,221,,Novita,stop,0.0001181,700
515,"the final grade of the student | whether a student studies for an exam | whether the student is well-prepared | whether the student performs well on the exam | whether the student understands the material || AB,AC,AD,BC,BD,BE,CD,DE",RAW,PSEUDO,yes,5,True,True,meta-llama/llama-3.3-70b-instruct,yes,1,1,148,125,,Novita,stop,6.998e-05,700
517,"arrival time at work | availability of public transportation | distance from home to workplace | traffic congestion | weather condition || AC,BC,CD,ED",DR_k1,PSEUDO,no,5,False,False,meta-llama/llama-3.3-70b-instruct,no,1,1,158,254,,Novita,stop,0.00012293,700
517,"arrival time at work | availability of public transportation | distance from home to workplace | traffic congestion | weather condition || AC,BC,CD,ED",ORACLE,PSEUDO,no,5,False,False,meta-llama/llama-3.3-70b-instruct,no,1,1,159,269,,Novita,stop,0.000129065,700
517,"arrival time at work | availability of public transportation | distance from home to workplace | traffic congestion | weather condition || AC,BC,CD,ED",RAW,PSEUDO,no,5,False,False,meta-llama/llama-3.3-70b-instruct,no,1,1,100,109,,Novita,stop,5.71e-05,700
518,"academic performance | amount of sleep obtained | number of hours spent studying || AC,BC",DR_k1,PSEUDO,no,3,False,False,meta-llama/llama-3.3-70b-instruct,no,1,1,133,231,,Novita,stop,0.000110355,700
518,"academic performance | amount of sleep obtained | number of hours spent studying || AC,BC",ORACLE,PSEUDO,no,3,False,False,meta-llama/llama-3.3-70b-instruct,no,1,1,133,174,,Novita,stop,8.7555e-05,700
518,"academic performance | amount of sleep obtained | number of hours spent studying || AC,BC",RAW,PSEUDO,no,3,False,False,meta-llama/llama-3.3-70b-instruct,yes,1,0,96,354,,Novita,stop,0.00015456,700
520,"amount of exercise | caloric intake | weight loss/gain || AC,BC",DR_k1,PSEUDO,no,3,False,False,meta-llama/llama-3.3-70b-instruct,no,1,1,138,332,,Novita,stop,0.00015143,700
520,"amount of exercise | caloric intake | weight loss/gain || AC,BC",ORACLE,PSEUDO,no,3,False,False,meta-llama/llama-3.3-70b-instruct,no,1,1,137,368,,Novita,stop,0.000165695,700
520,"amount of exercise | caloric intake | weight loss/gain || AC,BC",RAW,PSEUDO,no,3,False,False,meta-llama/llama-3.3-70b-instruct,no,1,1,100,154,,Novita,stop,7.51e-05,700
521,"amount of rainfall | crop yield | weather conditions || AB,AC,BC",DR_k1,PSEUDO,yes,3,True,True,meta-llama/llama-3.3-70b-instruct,yes,1,1,280,578,,Novita,stop,0.000269,700
521,"amount of rainfall | crop yield | weather conditions || AB,AC,BC",ORACLE,PSEUDO,yes,3,True,True,meta-llama/llama-3.3-70b-instruct,yes,1,1,280,579,,Novita,stop,0.0002694,700
521,"amount of rainfall | crop yield | weather conditions || AB,AC,BC",RAW,PSEUDO,yes,3,True,True,meta-llama/llama-3.3-70b-instruct,yes,1,1,238,380,,Novita,stop,0.00018413,700
525,"the amount of rainfall | the amount of water in a reservoir | the availability of drinking water | the water level in a river || AB,AD,BC,BD,CD",DR_k1,PSEUDO,no,4,False,False,meta-llama/llama-3.3-70b-instruct,no,1,1,157,426,,Novita,stop,0.000191595,700
525,"the amount of rainfall | the amount of water in a reservoir | the availability of drinking water | the water level in a river || AB,AD,BC,BD,CD",ORACLE,PSEUDO,no,4,False,False,meta-llama/llama-3.3-70b-instruct,no,1,1,156,520,,Novita,stop,0.00022906,700
525,"the amount of rainfall | the amount of water in a reservoir | the availability of drinking water | the water level in a river || AB,AD,BC,BD,CD",RAW,PSEUDO,no,4,False,False,meta-llama/llama-3.3-70b-instruct,no,1,1,98,312,,Novita,stop,0.00013803,700
528,"the amount of rainfall in a region | the availability of water for irrigation | the crop yield in the region | the water level in a river || AB,AC,BC,BD,CD",DR_k1,PSEUDO,no,4,False,False,meta-llama/llama-3.3-70b-instruct,no,1,1,159,462,,Novita,stop,0.000206265,700
528,"the amount of rainfall in a region | the availability of water for irrigation | the crop yield in the region | the water level in a river || AB,AC,BC,BD,CD",ORACLE,PSEUDO,no,4,False,False,meta-llama/llama-3.3-70b-instruct,no,1,1,159,409,,Novita,stop,0.000185065,700
528,"the amount of rainfall in a region | the availability of water for irrigation | the crop yield in the region | the water level in a river || AB,AC,BC,BD,CD",RAW,PSEUDO,no,4,False,False,meta-llama/llama-3.3-70b-instruct,yes,1,0,100,350,,Novita,stop,0.0001535,700
531,"the decision to bring an umbrella | the weather forecast | whether the person gets wet | whether the person stays dry || AB,BC,BD",DR_k1,PSEUDO,no,4,False,False,meta-llama/llama-3.3-70b-instruct,no,1,1,146,620,,Novita,stop,0.00026771,700
531,"the decision to bring an umbrella | the weather forecast | whether the person gets wet | whether the person stays dry || AB,BC,BD",ORACLE,PSEUDO,no,4,False,False,meta-llama/llama-3.3-70b-instruct,no,1,1,139,263,,Novita,stop,0.000123965,700
531,"the decision to bring an umbrella | the weather forecast | whether the person gets wet | whether the person stays dry || AB,BC,BD",RAW,PSEUDO,no,4,False,False,meta-llama/llama-3.3-70b-instruct,no,1,1,98,282,,Novita,stop,0.00012603,700
532,"the final grade of the student | whether a student studies for an exam | whether the student is well-prepared | whether the student performs well on the exam | whether the student understands the material || AB,AC,AD,BC,BD,BE,CD,DE",DR_k1,PSEUDO,yes,5,True,True,meta-llama/llama-3.3-70b-instruct,yes,1,1,313,578,,Novita,stop,0.000273455,700
532,"the final grade of the student | whether a student studies for an exam | whether the student is well-prepared | whether the student performs well on the exam | whether the student understands the material || AB,AC,AD,BC,BD,BE,CD,DE",ORACLE,PSEUDO,yes,5,True,True,meta-llama/llama-3.3-70b-instruct,no,1,0,312,700,,Novita,length,0.00032212,700
532,"the final grade of the student | whether a student studies for an exam | whether the student is well-prepared | whether the student performs well on the exam | whether the student understands the material || AB,AC,AD,BC,BD,BE,CD,DE",RAW,PSEUDO,yes,5,True,True,meta-llama/llama-3.3-70b-instruct,yes,1,1,238,656,,Novita,stop,0.00029453,700
538,"education level | income level | job satisfaction | quality of life || AC,AD,BC,BD,CD",DR_k1,PSEUDO,yes,4,True,True,meta-llama/llama-3.3-70b-instruct,yes,1,1,207,364,,Novita,stop,0.000173545,700
538,"education level | income level | job satisfaction | quality of life || AC,AD,BC,BD,CD",ORACLE,PSEUDO,yes,4,True,True,meta-llama/llama-3.3-70b-instruct,yes,1,1,207,240,,Novita,stop,0.000123945,700
538,"education level | income level | job satisfaction | quality of life || AC,AD,BC,BD,CD",RAW,PSEUDO,yes,4,True,True,meta-llama/llama-3.3-70b-instruct,yes,1,1,148,142,,Novita,stop,7.678e-05,700
539,"the amount of rainfall | the amount of water in a reservoir | the availability of drinking water | the water level in a river || AB,AD,BC,BD,CD",DR_k1,PSEUDO,no,4,False,False,meta-llama/llama-3.3-70b-instruct,no,1,1,155,525,,Novita,stop,0.000230925,700
539,"the amount of rainfall | the amount of water in a reservoir | the availability of drinking water | the water level in a river || AB,AD,BC,BD,CD",ORACLE,PSEUDO,no,4,False,False,meta-llama/llama-3.3-70b-instruct,no,1,1,156,346,,Novita,stop,0.00015946,700
539,"the amount of rainfall | the amount of water in a reservoir | the availability of drinking water | the water level in a river || AB,AD,BC,BD,CD",RAW,PSEUDO,no,4,False,False,meta-llama/llama-3.3-70b-instruct,no,1,1,98,193,,Novita,stop,9.043e-05,700
542,"education level | happiness level | income level | job satisfaction | life satisfaction || AC,AE,BC,BD,CD,CE,DE",DR_k1,PSEUDO,no,5,True,True,meta-llama/llama-3.3-70b-instruct,no,1,1,214,263,,Novita,stop,0.00013409,700
542,"education level | happiness level | income level | job satisfaction | life satisfaction || AC,AE,BC,BD,CD,CE,DE",ORACLE,PSEUDO,no,5,True,True,meta-llama/llama-3.3-70b-instruct,no,1,1,213,260,,Novita,stop,0.000132755,700
542,"education level | happiness level | income level | job satisfaction | life satisfaction || AC,AE,BC,BD,CD,CE,DE",RAW,PSEUDO,no,5,True,True,meta-llama/llama-3.3-70b-instruct,no,1,1,144,133,,Novita,stop,7.264e-05,700
543,"a company | company expenses | company profit | company revenue || AB,AC,AD,BC",DR_k1,PSEUDO,no,4,True,True,meta-llama/llama-3.3-70b-instruct,no,1,1,193,134,,Novita,stop,7.9655e-05,700
543,"a company | company expenses | company profit | company revenue || AB,AC,AD,BC",ORACLE,PSEUDO,no,4,True,True,meta-llama/llama-3.3-70b-instruct,no,1,1,193,309,,Novita,stop,0.000149655,700
543,"a company | company expenses | company profit | company revenue || AB,AC,AD,BC",RAW,PSEUDO,no,4,True,True,meta-llama/llama-3.3-70b-instruct,no,1,1,148,134,,Novita,stop,7.358e-05,700
544,"whether a person is exposed to a contagious disease | whether the person receives appropriate treatment | whether the person recovers from the disease | whether the person seeks medical attention | whether the person shows symptoms of the disease || AB,AE,BC,BD,CD,CE,DE",DR_k1,PSEUDO,no,5,False,False,meta-llama/llama-3.3-70b-instruct,no,1,1,172,468,,Novita,stop,0.00021042,700
544,"whether a person is exposed to a contagious disease | whether the person receives appropriate treatment | whether the person recovers from the disease | whether the person seeks medical attention | whether the person shows symptoms of the disease || AB,AE,BC,BD,CD,CE,DE",ORACLE,PSEUDO,no,5,False,False,meta-llama/llama-3.3-70b-instruct,no,1,1,171,458,,Novita,stop,0.000206285,700
544,"whether a person is exposed to a contagious disease | whether the person receives appropriate treatment | whether the person recovers from the disease | whether the person seeks medical attention | whether the person shows symptoms of the disease || AB,AE,BC,BD,CD,CE,DE",RAW,PSEUDO,no,5,False,False,meta-llama/llama-3.3-70b-instruct,no,1,1,98,277,,Novita,stop,0.00012403,700
546,"grade in the course | number of hours studied | overall gpa | test performance || AB,BC,CD",DR_k1,PSEUDO,no,4,True,True,meta-llama/llama-3.3-70b-instruct,no,1,1,184,230,,Novita,stop,0.00011684,700
546,"grade in the course | number of hours studied | overall gpa | test performance || AB,BC,CD",ORACLE,PSEUDO,no,4,True,True,meta-llama/llama-3.3-70b-instruct,no,1,1,193,277,,Novita,stop,0.000136855,700
546,"grade in the course | number of hours studied | overall gpa | test performance || AB,BC,CD",RAW,PSEUDO,no,4,True,True,meta-llama/llama-3.3-70b-instruct,no,1,1,144,128,,Novita,stop,7.064e-05,700
552,"amount of exercise | overall health status | physical fitness level || AB,BC",DR_k1,PSEUDO,yes,3,True,True,meta-llama/llama-3.3-70b-instruct,yes,1,1,181,214,,Novita,stop,0.000110035,700
552,"amount of exercise | overall health status | physical fitness level || AB,BC",ORACLE,PSEUDO,yes,3,True,True,meta-llama/llama-3.3-70b-instruct,yes,1,1,182,363,,Novita,stop,0.00016977,700
552,"amount of exercise | overall health status | physical fitness level || AB,BC",RAW,PSEUDO,yes,3,True,True,meta-llama/llama-3.3-70b-instruct,yes,1,1,144,126,,Novita,stop,6.984e-05,700
555,"job performance rating | level of education | salary | years of work experience || AC,AD,BC,BD",DR_k1,PSEUDO,no,4,True,True,meta-llama/llama-3.3-70b-instruct,no,1,1,199,318,,Novita,stop,0.000154065,700
555,"job performance rating | level of education | salary | years of work experience || AC,AD,BC,BD",ORACLE,PSEUDO,no,4,True,True,meta-llama/llama-3.3-70b-instruct,no,1,1,191,127,,Novita,stop,7.6585e-05,700
555,"job performance rating | level of education | salary | years of work experience || AC,AD,BC,BD",RAW,PSEUDO,no,4,True,True,meta-llama/llama-3.3-70b-instruct,no,1,1,144,130,,Novita,stop,7.144e-05,700
556,"child's education level | child's health status | child's social skills | parents' income || AB,AC,AD",DR_k1,PSEUDO,no,4,False,False,meta-llama/llama-3.3-70b-instruct,,0,0,140,700,,Novita,length,0.0002989,700
556,"child's education level | child's health status | child's social skills | parents' income || AB,AC,AD",ORACLE,PSEUDO,no,4,False,False,meta-llama/llama-3.3-70b-instruct,no,1,1,131,286,,Novita,stop,0.000132085,700
556,"child's education level | child's health status | child's social skills | parents' income || AB,AC,AD",RAW,PSEUDO,no,4,False,False,meta-llama/llama-3.3-70b-instruct,no,1,1,98,190,,Novita,stop,8.923e-05,700
558,"grade in the course | number of hours studied | overall gpa | test performance || AB,BC,CD",DR_k1,PSEUDO,no,4,False,False,meta-llama/llama-3.3-70b-instruct,no,1,1,146,438,,Novita,stop,0.00019491,700
558,"grade in the course | number of hours studied | overall gpa | test performance || AB,BC,CD",ORACLE,PSEUDO,no,4,False,False,meta-llama/llama-3.3-70b-instruct,no,1,1,147,292,,Novita,stop,0.000136645,700
558,"grade in the course | number of hours studied | overall gpa | test performance || AB,BC,CD",RAW,PSEUDO,no,4,False,False,meta-llama/llama-3.3-70b-instruct,no,1,1,98,397,,Novita,stop,0.00017203,700
565,"the amount of rainfall | the growth rate of plants | the yield of crops || AB,BC",DR_k1,PSEUDO,no,3,False,False,meta-llama/llama-3.3-70b-instruct,,0,0,131,700,,Novita,length,0.000297685,700
565,"the amount of rainfall | the growth rate of plants | the yield of crops || AB,BC",ORACLE,PSEUDO,no,3,False,False,meta-llama/llama-3.3-70b-instruct,no,1,1,139,243,,Novita,stop,0.000115965,700
565,"the amount of rainfall | the growth rate of plants | the yield of crops || AB,BC",RAW,PSEUDO,no,3,False,False,meta-llama/llama-3.3-70b-instruct,no,1,1,100,225,,Novita,stop,0.0001035,700
567,"job performance rating | level of education | salary | years of work experience || AC,AD,BC,BD",DR_k1,PSEUDO,no,4,False,False,meta-llama/llama-3.3-70b-instruct,no,1,1,155,320,,Novita,stop,0.000148925,700
567,"job performance rating | level of education | salary | years of work experience || AC,AD,BC,BD",ORACLE,PSEUDO,no,4,False,False,meta-llama/llama-3.3-70b-instruct,no,1,1,147,293,,Novita,stop,0.000137045,700
567,"job performance rating | level of education | salary | years of work experience || AC,AD,BC,BD",RAW,PSEUDO,no,4,False,False,meta-llama/llama-3.3-70b-instruct,no,1,1,100,219,,Novita,stop,0.0001011,700
575,"the amount of exercise a person does | the person's cardiovascular health | the person's immune system | the person's overall health | the person's respiratory health || AB,AD,BC,BE,CD,CE,DE",DR_k1,PSEUDO,no,5,False,False,meta-llama/llama-3.3-70b-instruct,no,1,1,172,424,,Novita,stop,0.00019282,700
575,"the amount of exercise a person does | the person's cardiovascular health | the person's immune system | the person's overall health | the person's respiratory health || AB,AD,BC,BE,CD,CE,DE",ORACLE,PSEUDO,no,5,False,False,meta-llama/llama-3.3-70b-instruct,no,1,1,173,236,,Novita,stop,0.000117755,700
575,"the amount of exercise a person does | the person's cardiovascular health | the person's immune system | the person's overall health | the person's respiratory health || AB,AD,BC,BE,CD,CE,DE",RAW,PSEUDO,no,5,False,False,meta-llama/llama-3.3-70b-instruct,,0,0,100,700,,Novita,length,0.0002935,700
577,"the amount of rainfall | the growth of crops | the water level of a river || AB,AC",DR_k1,PSEUDO,no,3,False,False,meta-llama/llama-3.3-70b-instruct,no,1,1,133,97,,Novita,stop,5.6755e-05,700
577,"the amount of rainfall | the growth of crops | the water level of a river || AB,AC",ORACLE,PSEUDO,no,3,False,False,meta-llama/llama-3.3-70b-instruct,,0,0,126,700,,Novita,length,0.00029701,700
577,"the amount of rainfall | the growth of crops | the water level of a river || AB,AC",RAW,PSEUDO,no,3,False,False,meta-llama/llama-3.3-70b-instruct,no,1,1,96,168,,Novita,stop,8.016e-05,700
579,"the amount of exercise a person does | the person's cardiovascular health | the person's immune system | the person's overall health | the person's respiratory health || AB,AD,BC,BE,CD,CE,DE",DR_k1,PSEUDO,no,5,True,True,meta-llama/llama-3.3-70b-instruct,no,1,1,214,218,,Novita,stop,0.00011609,700
579,"the amount of exercise a person does | the person's cardiovascular health | the person's immune system | the person's overall health | the person's respiratory health || AB,AD,BC,BE,CD,CE,DE",ORACLE,PSEUDO,no,5,True,True,meta-llama/llama-3.3-70b-instruct,no,1,1,214,296,,Novita,stop,0.00014729,700
579,"the amount of exercise a person does | the person's cardiovascular health | the person's immune system | the person's overall health | the person's respiratory health || AB,AD,BC,BE,CD,CE,DE",RAW,PSEUDO,no,5,True,True,meta-llama/llama-3.3-70b-instruct,no,1,1,144,123,,Novita,stop,6.864e-05,700
581,"the amount of rainfall | the amount of water in a reservoir | the availability of drinking water | the water level in a river || AB,AD,BC,BD,CD",DR_k1,PSEUDO,no,4,False,False,meta-llama/llama-3.3-70b-instruct,,0,0,152,700,,Novita,length,0.00030052,700
581,"the amount of rainfall | the amount of water in a reservoir | the availability of drinking water | the water level in a river || AB,AD,BC,BD,CD",ORACLE,PSEUDO,no,4,False,False,meta-llama/llama-3.3-70b-instruct,no,1,1,153,433,,Novita,stop,0.000193855,700
581,"the amount of rainfall | the amount of water in a reservoir | the availability of drinking water | the water level in a river || AB,AD,BC,BD,CD",RAW,PSEUDO,no,4,False,False,meta-llama/llama-3.3-70b-instruct,no,1,1,98,175,,Novita,stop,8.323e-05,700
585,"amount of sunlight | crop quality | crop yield | weather conditions || AC,AD,BC,BD",DR_k1,PSEUDO,no,4,True,True,meta-llama/llama-3.3-70b-instruct,no,1,1,199,293,,Novita,stop,0.000144065,700
585,"amount of sunlight | crop quality | crop yield | weather conditions || AC,AD,BC,BD",ORACLE,PSEUDO,no,4,True,True,meta-llama/llama-3.3-70b-instruct,,0,0,191,700,,Novita,length,0.000305785,700
585,"amount of sunlight | crop quality | crop yield | weather conditions || AC,AD,BC,BD",RAW,PSEUDO,no,4,True,True,meta-llama/llama-3.3-70b-instruct,,0,0,144,700,,Novita,length,0.00029944,700
590,"overall health condition | physical fitness level | time spent exercising || AB,AC",DR_k1,PSEUDO,no,3,False,False,meta-llama/llama-3.3-70b-instruct,,0,0,137,700,,Novita,length,0.000298495,700
590,"overall health condition | physical fitness level | time spent exercising || AB,AC",ORACLE,PSEUDO,no,3,False,False,meta-llama/llama-3.3-70b-instruct,no,1,1,130,179,,Novita,stop,8.915e-05,700
590,"overall health condition | physical fitness level | time spent exercising || AB,AC",RAW,PSEUDO,no,3,False,False,meta-llama/llama-3.3-70b-instruct,yes,1,0,99,367,,Novita,stop,0.000160165,700
600,"job experience | job performance | level of education | salary || AB,AD,BC,BD,CD",DR_k1,PSEUDO,no,4,False,False,meta-llama/llama-3.3-70b-instruct,no,1,1,153,432,,Novita,stop,0.000193455,700
600,"job experience | job performance | level of education | salary || AB,AD,BC,BD,CD",ORACLE,PSEUDO,no,4,False,False,meta-llama/llama-3.3-70b-instruct,no,1,1,154,464,,Novita,stop,0.00020639,700
600,"job experience | job performance | level of education | salary || AB,AD,BC,BD,CD",RAW,PSEUDO,no,4,False,False,meta-llama/llama-3.3-70b-instruct,yes,1,0,97,444,,Novita,stop,0.000190695,700
602,"customer satisfaction | product quality | revenue | sales || AC,BC,CD",DR_k1,PSEUDO,yes,4,True,True,meta-llama/llama-3.3-70b-instruct,yes,1,1,199,216,,Novita,stop,0.000113265,700
602,"customer satisfaction | product quality | revenue | sales || AC,BC,CD",ORACLE,PSEUDO,yes,4,True,True,meta-llama/llama-3.3-70b-instruct,yes,1,1,199,234,,Novita,stop,0.000120465,700
602,"customer satisfaction | product quality | revenue | sales || AC,BC,CD",RAW,PSEUDO,yes,4,True,True,meta-llama/llama-3.3-70b-instruct,yes,1,1,148,155,,Novita,stop,8.198e-05,700
604,"amount of exercise | body weight | dietary habits | risk of developing chronic diseases || AC,BC,CD",DR_k1,PSEUDO,no,4,False,False,meta-llama/llama-3.3-70b-instruct,no,1,1,143,220,,Novita,stop,0.000107305,700
604,"amount of exercise | body weight | dietary habits | risk of developing chronic diseases || AC,BC,CD",ORACLE,PSEUDO,no,4,False,False,meta-llama/llama-3.3-70b-instruct,no,1,1,144,200,,Novita,stop,9.944e-05,700
604,"amount of exercise | body weight | dietary habits | risk of developing chronic diseases || AC,BC,CD",RAW,PSEUDO,no,4,False,False,meta-llama/llama-3.3-70b-instruct,no,1,1,96,266,,Novita,stop,0.00011936,700
605,"the grade achieved in an exam | the likelihood of getting a scholarship | the likelihood of getting admitted to a university | the number of hours spent studying || AB,BC,BD",DR_k1,PSEUDO,yes,4,True,True,meta-llama/llama-3.3-70b-instruct,yes,1,1,192,163,,Novita,stop,9.112e-05,700
605,"the grade achieved in an exam | the likelihood of getting a scholarship | the likelihood of getting admitted to a university | the number of hours spent studying || AB,BC,BD",ORACLE,PSEUDO,yes,4,True,True,meta-llama/llama-3.3-70b-instruct,yes,1,1,185,234,,Novita,stop,0.000118575,700
605,"the grade achieved in an exam | the likelihood of getting a scholarship | the likelihood of getting admitted to a university | the number of hours spent studying || AB,BC,BD",RAW,PSEUDO,yes,4,True,True,meta-llama/llama-3.3-70b-instruct,yes,1,1,144,133,,Novita,stop,7.264e-05,700
611,"customer satisfaction | product quality | revenue | sales || AC,BC,CD",DR_k1,PSEUDO,no,4,False,False,meta-llama/llama-3.3-70b-instruct,no,1,1,141,84,,Novita,stop,5.2635e-05,700
611,"customer satisfaction | product quality | revenue | sales || AC,BC,CD",ORACLE,PSEUDO,no,4,False,False,meta-llama/llama-3.3-70b-instruct,no,1,1,150,141,,Novita,stop,7.665e-05,700
611,"customer satisfaction | product quality | revenue | sales || AC,BC,CD",RAW,PSEUDO,no,4,False,False,meta-llama/llama-3.3-70b-instruct,no,1,1,100,156,,Novita,stop,7.59e-05,700
612,"student's attendance in class | student's final grade in the course | student's performance on exams || AB,BC",DR_k1,PSEUDO,no,3,False,False,meta-llama/llama-3.3-70b-instruct,yes,1,0,135,324,,Novita,stop,0.000147825,700
612,"student's attendance in class | student's final grade in the course | student's performance on exams || AB,BC",ORACLE,PSEUDO,no,3,False,False,meta-llama/llama-3.3-70b-instruct,no,1,1,136,229,,Novita,stop,0.00010996,700
612,"student's attendance in class | student's final grade in the course | student's performance on exams || AB,BC",RAW,PSEUDO,no,3,False,False,meta-llama/llama-3.3-70b-instruct,no,1,1,98,143,,Novita,stop,7.043e-05,700
614,"a person's education level | the person's income | the person's job title | the person's salary || AC,AD,BC",DR_k1,PSEUDO,no,4,False,False,meta-llama/llama-3.3-70b-instruct,no,1,1,146,118,,Novita,stop,6.691e-05,700
614,"a person's education level | the person's income | the person's job title | the person's salary || AC,AD,BC",ORACLE,PSEUDO,no,4,False,False,meta-llama/llama-3.3-70b-instruct,no,1,1,138,237,,Novita,stop,0.00011343,700
614,"a person's education level | the person's income | the person's job title | the person's salary || AC,AD,BC",RAW,PSEUDO,no,4,False,False,meta-llama/llama-3.3-70b-instruct,no,1,1,98,286,,Novita,stop,0.00012763,700
616,"the final grade of the student | whether a student studies for an exam | whether the student is well-prepared | whether the student performs well on the exam | whether the student understands the material || AB,AC,AD,BC,BD,BE,CD,DE",DR_k1,PSEUDO,no,5,False,False,meta-llama/llama-3.3-70b-instruct,no,1,1,172,450,,Novita,stop,0.00020322,700
616,"the final grade of the student | whether a student studies for an exam | whether the student is well-prepared | whether the student performs well on the exam | whether the student understands the material || AB,AC,AD,BC,BD,BE,CD,DE",ORACLE,PSEUDO,no,5,False,False,meta-llama/llama-3.3-70b-instruct,no,1,1,172,477,,Novita,stop,0.00021402,700
616,"the final grade of the student | whether a student studies for an exam | whether the student is well-prepared | whether the student performs well on the exam | whether the student understands the material || AB,AC,AD,BC,BD,BE,CD,DE",RAW,PSEUDO,no,5,False,False,meta-llama/llama-3.3-70b-instruct,no,1,1,98,222,,Novita,stop,0.00010203,700
617,"job performance | job satisfaction | level of education | salary || AB,BC,BD,CD",DR_k1,PSEUDO,no,4,True,True,meta-llama/llama-3.3-70b-instruct,no,1,1,199,291,,Novita,stop,0.000143265,700
617,"job performance | job satisfaction | level of education | salary || AB,BC,BD,CD",ORACLE,PSEUDO,no,4,True,True,meta-llama/llama-3.3-70b-instruct,no,1,1,199,280,,Novita,stop,0.000138865,700
617,"job performance | job satisfaction | level of education | salary || AB,BC,BD,CD",RAW,PSEUDO,no,4,True,True,meta-llama/llama-3.3-70b-instruct,no,1,1,144,154,,Novita,stop,8.104e-05,700
619,"income level | job satisfaction | level of education | overall happiness || AB,AC,BC,CD",DR_k1,PSEUDO,yes,4,True,True,meta-llama/llama-3.3-70b-instruct,yes,1,1,297,565,,Novita,stop,0.000266095,700
619,"income level | job satisfaction | level of education | overall happiness || AB,AC,BC,CD",ORACLE,PSEUDO,yes,4,True,True,meta-llama/llama-3.3-70b-instruct,yes,1,1,305,565,,Novita,stop,0.000267175,700
619,"income level | job satisfaction | level of education | overall happiness || AB,AC,BC,CD",RAW,PSEUDO,yes,4,True,True,meta-llama/llama-3.3-70b-instruct,yes,1,1,250,623,,Novita,stop,0.00028295,700
620,"the grade achieved in an exam | the likelihood of getting a scholarship | the likelihood of getting admitted to a university | the number of hours spent studying || AB,BC,BD",DR_k1,PSEUDO,no,4,False,False,meta-llama/llama-3.3-70b-instruct,yes,1,0,146,403,,Novita,stop,0.00018091,700
620,"the grade achieved in an exam | the likelihood of getting a scholarship | the likelihood of getting admitted to a university | the number of hours spent studying || AB,BC,BD",ORACLE,PSEUDO,no,4,False,False,meta-llama/llama-3.3-70b-instruct,no,1,1,139,343,,Novita,stop,0.000155965,700
620,"the grade achieved in an exam | the likelihood of getting a scholarship | the likelihood of getting admitted to a university | the number of hours spent studying || AB,BC,BD",RAW,PSEUDO,no,4,False,False,meta-llama/llama-3.3-70b-instruct,,0,0,98,700,,Novita,length,0.00029323,700
622,"access to medical facilities | education level | healthcare coverage | income level | overall health status || AC,AE,BC,BE,CD,CE,DE",DR_k1,PSEUDO,yes,5,True,True,meta-llama/llama-3.3-70b-instruct,yes,1,1,325,568,,Novita,stop,0.000271075,700
622,"access to medical facilities | education level | healthcare coverage | income level | overall health status || AC,AE,BC,BE,CD,CE,DE",ORACLE,PSEUDO,yes,5,True,True,meta-llama/llama-3.3-70b-instruct,yes,1,1,326,629,,Novita,stop,0.00029561,700
622,"access to medical facilities | education level | healthcare coverage | income level | overall health status || AC,AE,BC,BE,CD,CE,DE",RAW,PSEUDO,yes,5,True,True,meta-llama/llama-3.3-70b-instruct,,0,0,252,700,,Novita,length,0.00031402,700
625,"customer satisfaction | product quality | revenue | sales || AC,BC,CD",DR_k1,PSEUDO,no,4,False,False,meta-llama/llama-3.3-70b-instruct,no,1,1,139,420,,Novita,stop,0.000186765,700
625,"customer satisfaction | product quality | revenue | sales || AC,BC,CD",ORACLE,PSEUDO,no,4,False,False,meta-llama/llama-3.3-70b-instruct,no,1,1,146,262,,Novita,stop,0.00012451,700
625,"customer satisfaction | product quality | revenue | sales || AC,BC,CD",RAW,PSEUDO,no,4,False,False,meta-llama/llama-3.3-70b-instruct,yes,1,0,98,382,,Novita,stop,0.00016603,700
629,"access to medical facilities | education level | healthcare coverage | income level | overall health status || AC,AE,BC,BE,CD,CE,DE",DR_k1,PSEUDO,yes,5,True,True,meta-llama/llama-3.3-70b-instruct,yes,1,1,222,162,,Novita,stop,9.477e-05,700
629,"access to medical facilities | education level | healthcare coverage | income level | overall health status || AC,AE,BC,BE,CD,CE,DE",ORACLE,PSEUDO,yes,5,True,True,meta-llama/llama-3.3-70b-instruct,yes,1,1,221,280,,Novita,stop,0.000141835,700
629,"access to medical facilities | education level | healthcare coverage | income level | overall health status || AC,AE,BC,BE,CD,CE,DE",RAW,PSEUDO,yes,5,True,True,meta-llama/llama-3.3-70b-instruct,yes,1,1,151,147,,Novita,stop,7.9185e-05,700
634,"job performance rating | level of education | salary | years of work experience || AC,AD,BC,BD",DR_k1,PSEUDO,no,4,True,True,meta-llama/llama-3.3-70b-instruct,no,1,1,192,267,,Novita,stop,0.00013272,700
634,"job performance rating | level of education | salary | years of work experience || AC,AD,BC,BD",ORACLE,PSEUDO,no,4,True,True,meta-llama/llama-3.3-70b-instruct,no,1,1,185,175,,Novita,stop,9.4975e-05,700
634,"job performance rating | level of education | salary | years of work experience || AC,AD,BC,BD",RAW,PSEUDO,no,4,True,True,meta-llama/llama-3.3-70b-instruct,no,1,1,140,126,,Novita,stop,6.93e-05,700
636,"a person's education level | a person's financial stability | a person's income | a person's job status || AB,AC,AD,BC",DR_k1,PSEUDO,yes,4,True,True,meta-llama/llama-3.3-70b-instruct,yes,1,1,193,239,,Novita,stop,0.000121655,700
636,"a person's education level | a person's financial stability | a person's income | a person's job status || AB,AC,AD,BC",ORACLE,PSEUDO,yes,4,True,True,meta-llama/llama-3.3-70b-instruct,yes,1,1,192,240,,Novita,stop,0.00012192,700
636,"a person's education level | a person's financial stability | a person's income | a person's job status || AB,AC,AD,BC",RAW,PSEUDO,yes,4,True,True,meta-llama/llama-3.3-70b-instruct,yes,1,1,148,142,,Novita,stop,7.678e-05,700
637,"amount of trash left on the beach | number of people going to the beach | weather conditions || AB,AC,BC",DR_k1,PSEUDO,no,3,False,False,meta-llama/llama-3.3-70b-instruct,no,1,1,138,700,,Novita,length,0.00029863,700
637,"amount of trash left on the beach | number of people going to the beach | weather conditions || AB,AC,BC",ORACLE,PSEUDO,no,3,False,False,meta-llama/llama-3.3-70b-instruct,no,1,1,138,453,,Novita,stop,0.00019983,700
637,"amount of trash left on the beach | number of people going to the beach | weather conditions || AB,AC,BC",RAW,PSEUDO,no,3,False,False,meta-llama/llama-3.3-70b-instruct,no,1,1,98,131,,Novita,stop,6.563e-05,700
639,"amount of exercise | body weight | dietary habits | risk of developing chronic diseases || AC,BC,CD",DR_k1,PSEUDO,no,4,False,False,meta-llama/llama-3.3-70b-instruct,no,1,1,151,238,,Novita,stop,0.000115585,700
639,"amount of exercise | body weight | dietary habits | risk of developing chronic diseases || AC,BC,CD",ORACLE,PSEUDO,no,4,False,False,meta-llama/llama-3.3-70b-instruct,no,1,1,151,218,,Novita,stop,0.000107585,700
639,"amount of exercise | body weight | dietary habits | risk of developing chronic diseases || AC,BC,CD",RAW,PSEUDO,no,4,False,False,meta-llama/llama-3.3-70b-instruct,yes,1,0,100,419,,Novita,stop,0.0001811,700
642,"education level | happiness level | income level | job performance || AB,AC,BD,CD",DR_k1,PSEUDO,no,4,False,False,meta-llama/llama-3.3-70b-instruct,no,1,1,150,542,,Novita,stop,0.00023705,700
642,"education level | happiness level | income level | job performance || AB,AC,BD,CD",ORACLE,PSEUDO,no,4,False,False,meta-llama/llama-3.3-70b-instruct,,0,0,151,700,,Novita,length,0.000300385,700
642,"education level | happiness level | income level | job performance || AB,AC,BD,CD",RAW,PSEUDO,no,4,False,False,meta-llama/llama-3.3-70b-instruct,,0,0,98,700,,Novita,length,0.00029323,700
645,"humidity level | probability of flooding | probability of rain | weather conditions || AB,AC,BC,BD",DR_k1,PSEUDO,no,4,False,False,meta-llama/llama-3.3-70b-instruct,no,1,1,153,255,,Novita,stop,0.000122655,700
645,"humidity level | probability of flooding | probability of rain | weather conditions || AB,AC,BC,BD",ORACLE,PSEUDO,no,4,False,False,meta-llama/llama-3.3-70b-instruct,no,1,1,145,313,,Novita,stop,0.000144775,700
645,"humidity level | probability of flooding | probability of rain | weather conditions || AB,AC,BC,BD",RAW,PSEUDO,no,4,False,False,meta-llama/llama-3.3-70b-instruct,yes,1,0,98,292,,Novita,stop,0.00013003,700
646,"amount of rainfall | likelihood of flooding | water level in a river || AB,BC",DR_k1,PSEUDO,yes,3,True,True,meta-llama/llama-3.3-70b-instruct,yes,1,1,176,225,,Novita,stop,0.00011376,700
646,"amount of rainfall | likelihood of flooding | water level in a river || AB,BC",ORACLE,PSEUDO,yes,3,True,True,meta-llama/llama-3.3-70b-instruct,,0,0,177,700,,Novita,length,0.000303895,700
646,"amount of rainfall | likelihood of flooding | water level in a river || AB,BC",RAW,PSEUDO,yes,3,True,True,meta-llama/llama-3.3-70b-instruct,yes,1,1,140,194,,Novita,stop,9.65e-05,700
648,"a person's education level | the person's income | the person's job title | the person's salary || AC,AD,BC",DR_k1,PSEUDO,yes,4,True,True,meta-llama/llama-3.3-70b-instruct,yes,1,1,199,307,,Novita,stop,0.000149665,700
648,"a person's education level | the person's income | the person's job title | the person's salary || AC,AD,BC",ORACLE,PSEUDO,yes,4,True,True,meta-llama/llama-3.3-70b-instruct,yes,1,1,191,169,,Novita,stop,9.3385e-05,700
648,"a person's education level | the person's income | the person's job title | the person's salary || AC,AD,BC",RAW,PSEUDO,yes,4,True,True,meta-llama/llama-3.3-70b-instruct,yes,1,1,148,142,,Novita,stop,7.678e-05,700
650,"crop yield | humidity | rainfall | temperature || AB,AC,AD,BC,CD",DR_k1,PSEUDO,no,4,True,True,meta-llama/llama-3.3-70b-instruct,no,1,1,200,302,,Novita,stop,0.0001478,700
650,"crop yield | humidity | rainfall | temperature || AB,AC,AD,BC,CD",ORACLE,PSEUDO,no,4,True,True,meta-llama/llama-3.3-70b-instruct,no,1,1,201,302,,Novita,stop,0.000147935,700
650,"crop yield | humidity | rainfall | temperature || AB,AC,AD,BC,CD",RAW,PSEUDO,no,4,True,True,meta-llama/llama-3.3-70b-instruct,no,1,1,144,232,,Novita,stop,0.00011224,700
652,"education level | income level | job satisfaction | quality of life || AC,AD,BC,BD,CD",DR_k1,PSEUDO,no,4,False,False,meta-llama/llama-3.3-70b-instruct,no,1,1,154,700,,Novita,length,0.00030079,700
652,"education level | income level | job satisfaction | quality of life || AC,AD,BC,BD,CD",ORACLE,PSEUDO,no,4,False,False,meta-llama/llama-3.3-70b-instruct,no,1,1,154,428,,Novita,stop,0.00019199,700
652,"education level | income level | job satisfaction | quality of life || AC,AD,BC,BD,CD",RAW,PSEUDO,no,4,False,False,meta-llama/llama-3.3-70b-instruct,no,1,1,98,193,,Novita,stop,9.043e-05,700
662,"grade in the course | number of hours studied | overall gpa | test performance || AB,BC,CD",DR_k1,PSEUDO,no,4,True,True,meta-llama/llama-3.3-70b-instruct,no,1,1,193,233,,Novita,stop,0.000119255,700
662,"grade in the course | number of hours studied | overall gpa | test performance || AB,BC,CD",ORACLE,PSEUDO,no,4,True,True,meta-llama/llama-3.3-70b-instruct,no,1,1,194,180,,Novita,stop,9.819e-05,700
662,"grade in the course | number of hours studied | overall gpa | test performance || AB,BC,CD",RAW,PSEUDO,no,4,True,True,meta-llama/llama-3.3-70b-instruct,no,1,1,144,174,,Novita,stop,8.904e-05,700
664,"patient's diet | patient's exercise habits | patient's life expectancy | patient's overall health | patient's stress levels || AD,BD,CD,DE",DR_k1,PSEUDO,no,5,False,False,meta-llama/llama-3.3-70b-instruct,no,1,1,156,267,,Novita,stop,0.00012786,700
664,"patient's diet | patient's exercise habits | patient's life expectancy | patient's overall health | patient's stress levels || AD,BD,CD,DE",ORACLE,PSEUDO,no,5,False,False,meta-llama/llama-3.3-70b-instruct,no,1,1,156,175,,Novita,stop,9.106e-05,700
664,"patient's diet | patient's exercise habits | patient's life expectancy | patient's overall health | patient's stress levels || AD,BD,CD,DE",RAW,PSEUDO,no,5,False,False,meta-llama/llama-3.3-70b-instruct,no,1,1,98,180,,Novita,stop,8.523e-05,700
668,"job experience | job performance | level of education | salary | skills proficiency || AB,AD,AE,BC,BD,CD,CE",DR_k1,PSEUDO,no,5,True,True,meta-llama/llama-3.3-70b-instruct,no,1,1,215,169,,Novita,stop,9.6625e-05,700
668,"job experience | job performance | level of education | salary | skills proficiency || AB,AD,AE,BC,BD,CD,CE",ORACLE,PSEUDO,no,5,True,True,meta-llama/llama-3.3-70b-instruct,no,1,1,215,274,,Novita,stop,0.000138625,700
668,"job experience | job performance | level of education | salary | skills proficiency || AB,AD,AE,BC,BD,CD,CE",RAW,PSEUDO,no,5,True,True,meta-llama/llama-3.3-70b-instruct,no,1,1,148,163,,Novita,stop,8.518e-05,700
671,"academic performance | amount of sleep obtained | number of hours spent studying || AC,BC",DR_k1,PSEUDO,no,3,True,True,meta-llama/llama-3.3-70b-instruct,no,1,1,186,290,,Novita,stop,0.00014111,700
671,"academic performance | amount of sleep obtained | number of hours spent studying || AC,BC",ORACLE,PSEUDO,no,3,True,True,meta-llama/llama-3.3-70b-instruct,no,1,1,187,144,,Novita,stop,8.2845e-05,700
671,"academic performance | amount of sleep obtained | number of hours spent studying || AC,BC",RAW,PSEUDO,no,3,True,True,meta-llama/llama-3.3-70b-instruct,no,1,1,148,126,,Novita,stop,7.038e-05,700
672,"job experience | job performance | level of education | salary | skills proficiency || AB,AD,AE,BC,BD,CD,CE",DR_k1,PSEUDO,no,5,True,True,meta-llama/llama-3.3-70b-instruct,no,1,1,312,542,,Novita,stop,0.00025892,700
672,"job experience | job performance | level of education | salary | skills proficiency || AB,AD,AE,BC,BD,CD,CE",ORACLE,PSEUDO,no,5,True,True,meta-llama/llama-3.3-70b-instruct,no,1,1,312,626,,Novita,stop,0.00029252,700
672,"job experience | job performance | level of education | salary | skills proficiency || AB,AD,AE,BC,BD,CD,CE",RAW,PSEUDO,no,5,True,True,meta-llama/llama-3.3-70b-instruct,no,1,1,247,585,,Novita,stop,0.000267345,700
673,"the amount of rainfall | the growth rate of crops | the water level in the river || AB,AC",DR_k1,PSEUDO,no,3,False,False,meta-llama/llama-3.3-70b-instruct,no,1,1,134,290,,Novita,stop,0.00013409,700
673,"the amount of rainfall | the growth rate of crops | the water level in the river || AB,AC",ORACLE,PSEUDO,no,3,False,False,meta-llama/llama-3.3-70b-instruct,no,1,1,125,363,,Novita,stop,0.000162075,700
673,"the amount of rainfall | the growth rate of crops | the water level in the river || AB,AC",RAW,PSEUDO,no,3,False,False,meta-llama/llama-3.3-70b-instruct,no,1,1,96,60,,Novita,stop,3.696e-05,700
675,"employment status | happiness level | income | level of education || AB,AC,AD",DR_k1,PSEUDO,no,4,False,False,meta-llama/llama-3.3-70b-instruct,no,1,1,140,156,,Novita,stop,8.13e-05,700
675,"employment status | happiness level | income | level of education || AB,AC,AD",ORACLE,PSEUDO,no,4,False,False,meta-llama/llama-3.3-70b-instruct,no,1,1,132,73,,Novita,stop,4.702e-05,700
675,"employment status | happiness level | income | level of education || AB,AC,AD",RAW,PSEUDO,no,4,False,False,meta-llama/llama-3.3-70b-instruct,yes,1,0,98,411,,Novita,stop,0.00017763,700
677,"amount of exercise | body weight | dietary habits | risk of developing chronic diseases || AC,BC,CD",DR_k1,PSEUDO,no,4,False,False,meta-llama/llama-3.3-70b-instruct,no,1,1,140,229,,Novita,stop,0.0001105,700
677,"amount of exercise | body weight | dietary habits | risk of developing chronic diseases || AC,BC,CD",ORACLE,PSEUDO,no,4,False,False,meta-llama/llama-3.3-70b-instruct,no,1,1,148,237,,Novita,stop,0.00011478,700
677,"amount of exercise | body weight | dietary habits | risk of developing chronic diseases || AC,BC,CD",RAW,PSEUDO,no,4,False,False,meta-llama/llama-3.3-70b-instruct,yes,1,0,98,222,,Novita,stop,0.00010203,700
678,"a manufacturing plant | the efficiency of the plant's machinery | the overall profitability of the plant | the production output of the plant || AB,AC,AD,BC,BD",DR_k1,PSEUDO,no,4,False,False,meta-llama/llama-3.3-70b-instruct,yes,1,0,147,416,,Novita,stop,0.000186245,700
678,"a manufacturing plant | the efficiency of the plant's machinery | the overall profitability of the plant | the production output of the plant || AB,AC,AD,BC,BD",ORACLE,PSEUDO,no,4,False,False,meta-llama/llama-3.3-70b-instruct,no,1,1,146,395,,Novita,stop,0.00017771,700
678,"a manufacturing plant | the efficiency of the plant's machinery | the overall profitability of the plant | the production output of the plant || AB,AC,AD,BC,BD",RAW,PSEUDO,no,4,False,False,meta-llama/llama-3.3-70b-instruct,yes,1,0,98,372,,Novita,stop,0.00016203,700
679,"humidity | precipitation | temperature | weather conditions || AB,AC,BC,BD",DR_k1,PSEUDO,no,4,False,False,meta-llama/llama-3.3-70b-instruct,no,1,1,143,326,,Novita,stop,0.000149705,700
679,"humidity | precipitation | temperature | weather conditions || AB,AC,BC,BD",ORACLE,PSEUDO,no,4,False,False,meta-llama/llama-3.3-70b-instruct,no,1,1,143,282,,Novita,stop,0.000132105,700
679,"humidity | precipitation | temperature | weather conditions || AB,AC,BC,BD",RAW,PSEUDO,no,4,False,False,meta-llama/llama-3.3-70b-instruct,no,1,1,98,177,,Novita,stop,8.403e-05,700
680,"amount of exercise | overall health condition | physical fitness level || AB,AC",DR_k1,PSEUDO,yes,3,True,True,meta-llama/llama-3.3-70b-instruct,yes,1,1,182,255,,Novita,stop,0.00012657,700
680,"amount of exercise | overall health condition | physical fitness level || AB,AC",ORACLE,PSEUDO,yes,3,True,True,meta-llama/llama-3.3-70b-instruct,yes,1,1,174,130,,Novita,stop,7.549e-05,700
680,"amount of exercise | overall health condition | physical fitness level || AB,AC",RAW,PSEUDO,yes,3,True,True,meta-llama/llama-3.3-70b-instruct,yes,1,1,144,168,,Novita,stop,8.664e-05,700
684,"investment in advertising | number of website visits | sales revenue || AB,AC,BC",DR_k1,PSEUDO,no,3,True,True,meta-llama/llama-3.3-70b-instruct,no,1,1,277,530,,Novita,stop,0.000249395,700
684,"investment in advertising | number of website visits | sales revenue || AB,AC,BC",ORACLE,PSEUDO,no,3,True,True,meta-llama/llama-3.3-70b-instruct,,0,0,278,700,,Novita,length,0.00031753,700
684,"investment in advertising | number of website visits | sales revenue || AB,AC,BC",RAW,PSEUDO,no,3,True,True,meta-llama/llama-3.3-70b-instruct,no,1,1,238,552,,Novita,stop,0.00025293,700
688,"whether a person eats a healthy diet | whether a person exercises regularly | whether a person has good cardiovascular health | whether a person maintains a healthy weight || AB,AD,BC,CD",DR_k1,PSEUDO,no,4,False,False,meta-llama/llama-3.3-70b-instruct,no,1,1,151,210,,Novita,stop,0.000104385,700
688,"whether a person eats a healthy diet | whether a person exercises regularly | whether a person has good cardiovascular health | whether a person maintains a healthy weight || AB,AD,BC,CD",ORACLE,PSEUDO,no,4,False,False,meta-llama/llama-3.3-70b-instruct,no,1,1,150,245,,Novita,stop,0.00011825,700
688,"whether a person eats a healthy diet | whether a person exercises regularly | whether a person has good cardiovascular health | whether a person maintains a healthy weight || AB,AD,BC,CD",RAW,PSEUDO,no,4,False,False,meta-llama/llama-3.3-70b-instruct,no,1,1,98,262,,Novita,stop,0.00011803,700
699,"job performance rating | level of education | salary | years of work experience || AC,AD,BC,BD",DR_k1,PSEUDO,yes,4,True,True,meta-llama/llama-3.3-70b-instruct,yes,1,1,197,184,,Novita,stop,0.000100195,700
699,"job performance rating | level of education | salary | years of work experience || AC,AD,BC,BD",ORACLE,PSEUDO,yes,4,True,True,meta-llama/llama-3.3-70b-instruct,yes,1,1,189,204,,Novita,stop,0.000107115,700
699,"job performance rating | level of education | salary | years of work experience || AC,AD,BC,BD",RAW,PSEUDO,yes,4,True,True,meta-llama/llama-3.3-70b-instruct,yes,1,1,144,158,,Novita,stop,8.264e-05,700
701,"a person's education level | the person's income | the person's job title | the person's salary || AC,AD,BC",DR_k1,PSEUDO,no,4,False,False,meta-llama/llama-3.3-70b-instruct,no,1,1,151,348,,Novita,stop,0.000159585,700
701,"a person's education level | the person's income | the person's job title | the person's salary || AC,AD,BC",ORACLE,PSEUDO,no,4,False,False,meta-llama/llama-3.3-70b-instruct,no,1,1,143,138,,Novita,stop,7.4505e-05,700
701,"a person's education level | the person's income | the person's job title | the person's salary || AC,AD,BC",RAW,PSEUDO,no,4,False,False,meta-llama/llama-3.3-70b-instruct,no,1,1,100,216,,Novita,stop,9.99e-05,700
706,"whether a person gets a good grade in the course | whether a person passes the exam | whether a person studies for an exam || AB,AC,BC",DR_k1,PSEUDO,no,3,False,False,meta-llama/llama-3.3-70b-instruct,,0,0,141,700,,Novita,length,0.000299035,700
706,"whether a person gets a good grade in the course | whether a person passes the exam | whether a person studies for an exam || AB,AC,BC",ORACLE,PSEUDO,no,3,False,False,meta-llama/llama-3.3-70b-instruct,no,1,1,142,383,,Novita,stop,0.00017237,700
706,"whether a person gets a good grade in the course | whether a person passes the exam | whether a person studies for an exam || AB,AC,BC",RAW,PSEUDO,no,3,False,False,meta-llama/llama-3.3-70b-instruct,yes,1,0,100,264,,Novita,stop,0.0001191,700
707,"job experience | job performance | level of education | salary || AB,AD,BC,BD,CD",DR_k1,PSEUDO,no,4,False,False,meta-llama/llama-3.3-70b-instruct,no,1,1,155,391,,Novita,stop,0.000177325,700
707,"job experience | job performance | level of education | salary || AB,AD,BC,BD,CD",ORACLE,PSEUDO,no,4,False,False,meta-llama/llama-3.3-70b-instruct,yes,1,0,156,399,,Novita,stop,0.00018066,700
707,"job experience | job performance | level of education | salary || AB,AD,BC,BD,CD",RAW,PSEUDO,no,4,False,False,meta-llama/llama-3.3-70b-instruct,yes,1,0,99,170,,Novita,stop,8.1365e-05,700
708,"job performance rating | level of education | salary | years of work experience || AC,AD,BC,BD",DR_k1,PSEUDO,no,4,False,False,meta-llama/llama-3.3-70b-instruct,no,1,1,150,332,,Novita,stop,0.00015305,700
708,"job performance rating | level of education | salary | years of work experience || AC,AD,BC,BD",ORACLE,PSEUDO,no,4,False,False,meta-llama/llama-3.3-70b-instruct,no,1,1,141,180,,Novita,stop,9.1035e-05,700
708,"job performance rating | level of education | salary | years of work experience || AC,AD,BC,BD",RAW,PSEUDO,no,4,False,False,meta-llama/llama-3.3-70b-instruct,no,1,1,98,256,,Novita,stop,0.00011563,700
710,"crop yield | economic growth | humidity level | profit of farmers | weather conditions || AB,AC,BC,BD,CD,DE",DR_k1,PSEUDO,no,5,False,False,meta-llama/llama-3.3-70b-instruct,no,1,1,158,338,,Novita,stop,0.00015653,700
710,"crop yield | economic growth | humidity level | profit of farmers | weather conditions || AB,AC,BC,BD,CD,DE",ORACLE,PSEUDO,no,5,False,False,meta-llama/llama-3.3-70b-instruct,no,1,1,165,149,,Novita,stop,8.1875e-05,700
710,"crop yield | economic growth | humidity level | profit of farmers | weather conditions || AB,AC,BC,BD,CD,DE",RAW,PSEUDO,no,5,False,False,meta-llama/llama-3.3-70b-instruct,no,1,1,98,285,,Novita,stop,0.00012723,700
723,"amount of sunlight | crop quality | crop yield | weather conditions || AC,AD,BC,BD",DR_k1,PSEUDO,no,4,False,False,meta-llama/llama-3.3-70b-instruct,no,1,1,152,400,,Novita,stop,0.00018052,700
723,"amount of sunlight | crop quality | crop yield | weather conditions || AC,AD,BC,BD",ORACLE,PSEUDO,no,4,False,False,meta-llama/llama-3.3-70b-instruct,no,1,1,143,225,,Novita,stop,0.000109305,700
723,"amount of sunlight | crop quality | crop yield | weather conditions || AC,AD,BC,BD",RAW,PSEUDO,no,4,False,False,meta-llama/llama-3.3-70b-instruct,no,1,1,100,133,,Novita,stop,6.67e-05,700
728,"credit score | income level | loan approval status | savings amount || AB,AC,AD,BD,CD",DR_k1,PSEUDO,no,4,False,False,meta-llama/llama-3.3-70b-instruct,no,1,1,157,449,,Novita,stop,0.000200795,700
728,"credit score | income level | loan approval status | savings amount || AB,AC,AD,BD,CD",ORACLE,PSEUDO,no,4,False,False,meta-llama/llama-3.3-70b-instruct,no,1,1,158,325,,Novita,stop,0.00015133,700
728,"credit score | income level | loan approval status | savings amount || AB,AC,AD,BD,CD",RAW,PSEUDO,no,4,False,False,meta-llama/llama-3.3-70b-instruct,,0,0,100,700,,Novita,length,0.0002935,700
729,"exam score | grade in the course | number of hours studied || AB,BC",DR_k1,PSEUDO,no,3,True,True,meta-llama/llama-3.3-70b-instruct,no,1,1,174,444,,Novita,stop,0.00020109,700
729,"exam score | grade in the course | number of hours studied || AB,BC",ORACLE,PSEUDO,no,3,True,True,meta-llama/llama-3.3-70b-instruct,no,1,1,182,140,,Novita,stop,8.057e-05,700
729,"exam score | grade in the course | number of hours studied || AB,BC",RAW,PSEUDO,no,3,True,True,meta-llama/llama-3.3-70b-instruct,no,1,1,144,154,,Novita,stop,8.104e-05,700
734,"the amount of sleep the night before the exam | the number of hours studied for an exam | the overall performance in the course | the score obtained on the exam || AB,AC,BD,CD",DR_k1,PSEUDO,yes,4,True,True,meta-llama/llama-3.3-70b-instruct,yes,1,1,202,494,,Novita,stop,0.00022487,700
734,"the amount of sleep the night before the exam | the number of hours studied for an exam | the overall performance in the course | the score obtained on the exam || AB,AC,BD,CD",ORACLE,PSEUDO,yes,4,True,True,meta-llama/llama-3.3-70b-instruct,yes,1,1,202,405,,Novita,stop,0.00018927,700
734,"the amount of sleep the night before the exam | the number of hours studied for an exam | the overall performance in the course | the score obtained on the exam || AB,AC,BD,CD",RAW,PSEUDO,yes,4,True,True,meta-llama/llama-3.3-70b-instruct,yes,1,1,148,320,,Novita,stop,0.00014798,700
735,"environmental pollution | exposure to toxic chemicals | respiratory diseases || AC,BC",DR_k1,PSEUDO,no,3,False,False,meta-llama/llama-3.3-70b-instruct,no,1,1,139,250,,Novita,stop,0.000118765,700
735,"environmental pollution | exposure to toxic chemicals | respiratory diseases || AC,BC",ORACLE,PSEUDO,no,3,False,False,meta-llama/llama-3.3-70b-instruct,,0,0,140,700,,Novita,length,0.0002989,700
735,"environmental pollution | exposure to toxic chemicals | respiratory diseases || AC,BC",RAW,PSEUDO,no,3,False,False,meta-llama/llama-3.3-70b-instruct,no,1,1,101,370,,Novita,stop,0.000161635,700
737,"whether a person is exposed to a contagious disease | whether the person receives appropriate treatment | whether the person recovers from the disease | whether the person seeks medical attention | whether the person shows symptoms of the disease || AB,AE,BC,BD,CD,CE,DE",DR_k1,PSEUDO,no,5,False,False,meta-llama/llama-3.3-70b-instruct,no,1,1,165,303,,Novita,stop,0.000143475,700
737,"whether a person is exposed to a contagious disease | whether the person receives appropriate treatment | whether the person recovers from the disease | whether the person seeks medical attention | whether the person shows symptoms of the disease || AB,AE,BC,BD,CD,CE,DE",ORACLE,PSEUDO,no,5,False,False,meta-llama/llama-3.3-70b-instruct,no,1,1,165,375,,Novita,stop,0.000172275,700
737,"whether a person is exposed to a contagious disease | whether the person receives appropriate treatment | whether the person recovers from the disease | whether the person seeks medical attention | whether the person shows symptoms of the disease || AB,AE,BC,BD,CD,CE,DE",RAW,PSEUDO,no,5,False,False,meta-llama/llama-3.3-70b-instruct,no,1,1,96,206,,Novita,stop,9.536e-05,700
741,"crop yield | harvest quality | temperature | weather conditions || AC,AD,BC,BD,CD",DR_k1,PSEUDO,no,4,False,False,meta-llama/llama-3.3-70b-instruct,,0,0,157,700,,Novita,length,0.000301195,700
741,"crop yield | harvest quality | temperature | weather conditions || AC,AD,BC,BD,CD",ORACLE,PSEUDO,no,4,False,False,meta-llama/llama-3.3-70b-instruct,no,1,1,156,272,,Novita,stop,0.00012986,700
741,"crop yield | harvest quality | temperature | weather conditions || AC,AD,BC,BD,CD",RAW,PSEUDO,no,4,False,False,meta-llama/llama-3.3-70b-instruct,no,1,1,100,209,,Novita,stop,9.71e-05,700
746,"job performance | level of education | salary level | years of work experience || AC,AD,BC,CD",DR_k1,PSEUDO,yes,4,True,True,meta-llama/llama-3.3-70b-instruct,yes,1,1,195,454,,Novita,stop,0.000207925,700
746,"job performance | level of education | salary level | years of work experience || AC,AD,BC,CD",ORACLE,PSEUDO,yes,4,True,True,meta-llama/llama-3.3-70b-instruct,yes,1,1,203,196,,Novita,stop,0.000105805,700
746,"job performance | level of education | salary level | years of work experience || AC,AD,BC,CD",RAW,PSEUDO,yes,4,True,True,meta-llama/llama-3.3-70b-instruct,yes,1,1,149,135,,Novita,stop,7.4115e-05,700
748,"the amount of exercise a person does | the person's cardiovascular health | the person's immune system | the person's overall health | the person's respiratory health || AB,AD,BC,BE,CD,CE,DE",DR_k1,PSEUDO,yes,5,True,True,meta-llama/llama-3.3-70b-instruct,yes,1,1,312,633,,Novita,stop,0.00029532,700
748,"the amount of exercise a person does | the person's cardiovascular health | the person's immune system | the person's overall health | the person's respiratory health || AB,AD,BC,BE,CD,CE,DE",ORACLE,PSEUDO,yes,5,True,True,meta-llama/llama-3.3-70b-instruct,yes,1,1,311,591,,Novita,stop,0.000278385,700
748,"the amount of exercise a person does | the person's cardiovascular health | the person's immune system | the person's overall health | the person's respiratory health || AB,AD,BC,BE,CD,CE,DE",RAW,PSEUDO,yes,5,True,True,meta-llama/llama-3.3-70b-instruct,yes,1,1,238,653,,Novita,stop,0.00029333,700
751,"customer satisfaction with a product | number of positive reviews for the product | revenue generated from the product | sales performance of the product || AB,AD,BC,CD",DR_k1,PSEUDO,no,4,False,False,meta-llama/llama-3.3-70b-instruct,no,1,1,155,260,,Novita,stop,0.000124925,700
751,"customer satisfaction with a product | number of positive reviews for the product | revenue generated from the product | sales performance of the product || AB,AD,BC,CD",ORACLE,PSEUDO,no,4,False,False,meta-llama/llama-3.3-70b-instruct,no,1,1,155,651,,Novita,stop,0.000281325,700
751,"customer satisfaction with a product | number of positive reviews for the product | revenue generated from the product | sales performance of the product || AB,AD,BC,CD",RAW,PSEUDO,no,4,False,False,meta-llama/llama-3.3-70b-instruct,no,1,1,100,501,,Novita,stop,0.0002139,700
754,"availability of public transportation | traffic congestion | travel time to work || AB,AC,BC",DR_k1,PSEUDO,no,3,False,False,meta-llama/llama-3.3-70b-instruct,no,1,1,139,186,,Novita,stop,9.3165e-05,700
754,"availability of public transportation | traffic congestion | travel time to work || AB,AC,BC",ORACLE,PSEUDO,no,3,False,False,meta-llama/llama-3.3-70b-instruct,no,1,1,139,223,,Novita,stop,0.000107965,700
754,"availability of public transportation | traffic congestion | travel time to work || AB,AC,BC",RAW,PSEUDO,no,3,False,False,meta-llama/llama-3.3-70b-instruct,no,1,1,98,110,,Novita,stop,5.723e-05,700
756,"job performance | job satisfaction | level of education | salary || AB,BC,BD,CD",DR_k1,PSEUDO,no,4,False,False,meta-llama/llama-3.3-70b-instruct,no,1,1,151,183,,Novita,stop,9.3585e-05,700
756,"job performance | job satisfaction | level of education | salary || AB,BC,BD,CD",ORACLE,PSEUDO,no,4,False,False,meta-llama/llama-3.3-70b-instruct,no,1,1,152,326,,Novita,stop,0.00015092,700
756,"job performance | job satisfaction | level of education | salary || AB,BC,BD,CD",RAW,PSEUDO,no,4,False,False,meta-llama/llama-3.3-70b-instruct,no,1,1,98,77,,Novita,stop,4.403e-05,700
758,"the amount of rainfall | the growth rate of plants | the yield of crops || AB,BC",DR_k1,PSEUDO,no,3,False,False,meta-llama/llama-3.3-70b-instruct,no,1,1,125,559,,Novita,stop,0.000240475,700
758,"the amount of rainfall | the growth rate of plants | the yield of crops || AB,BC",ORACLE,PSEUDO,no,3,False,False,meta-llama/llama-3.3-70b-instruct,no,1,1,133,396,,Novita,stop,0.000176355,700
758,"the amount of rainfall | the growth rate of plants | the yield of crops || AB,BC",RAW,PSEUDO,no,3,False,False,meta-llama/llama-3.3-70b-instruct,yes,1,0,96,564,,Novita,stop,0.00023856,700
760,"amount of rainfall | crop yield | temperature | wind speed || AD,BD,CD",DR_k1,PSEUDO,no,4,False,False,meta-llama/llama-3.3-70b-instruct,no,1,1,149,192,,Novita,stop,9.6915e-05,700
760,"amount of rainfall | crop yield | temperature | wind speed || AD,BD,CD",ORACLE,PSEUDO,no,4,False,False,meta-llama/llama-3.3-70b-instruct,no,1,1,149,295,,Novita,stop,0.000138115,700
760,"amount of rainfall | crop yield | temperature | wind speed || AD,BD,CD",RAW,PSEUDO,no,4,False,False,meta-llama/llama-3.3-70b-instruct,no,1,1,98,76,,Novita,stop,4.363e-05,700
763,"education level | happiness level | income level | job satisfaction | life satisfaction || AC,AE,BC,BD,CD,CE,DE",DR_k1,PSEUDO,no,5,False,False,meta-llama/llama-3.3-70b-instruct,no,1,1,165,537,,Novita,stop,0.000237075,700
763,"education level | happiness level | income level | job satisfaction | life satisfaction || AC,AE,BC,BD,CD,CE,DE",ORACLE,PSEUDO,no,5,False,False,meta-llama/llama-3.3-70b-instruct,yes,1,0,164,343,,Novita,stop,0.00015934,700
763,"education level | happiness level | income level | job satisfaction | life satisfaction || AC,AE,BC,BD,CD,CE,DE",RAW,PSEUDO,no,5,False,False,meta-llama/llama-3.3-70b-instruct,yes,1,0,96,306,,Novita,stop,0.00013536,700
764,"education level | happiness level | income level | job satisfaction | life satisfaction || AC,AE,BC,BD,CD,CE,DE",DR_k1,PSEUDO,yes,5,True,True,meta-llama/llama-3.3-70b-instruct,yes,1,1,320,601,,Novita,stop,0.0002836,700
764,"education level | happiness level | income level | job satisfaction | life satisfaction || AC,AE,BC,BD,CD,CE,DE",ORACLE,PSEUDO,yes,5,True,True,meta-llama/llama-3.3-70b-instruct,yes,1,1,320,622,,Novita,stop,0.000292,700
764,"education level | happiness level | income level | job satisfaction | life satisfaction || AC,AE,BC,BD,CD,CE,DE",RAW,PSEUDO,yes,5,True,True,meta-llama/llama-3.3-70b-instruct,yes,1,1,247,638,,Novita,stop,0.000288545,700
765,"job experience | job performance | level of education | salary | skills proficiency || AB,AD,AE,BC,BD,CD,CE",DR_k1,PSEUDO,no,5,False,False,meta-llama/llama-3.3-70b-instruct,no,1,1,165,336,,Novita,stop,0.000156675,700
765,"job experience | job performance | level of education | salary | skills proficiency || AB,AD,AE,BC,BD,CD,CE",ORACLE,PSEUDO,no,5,False,False,meta-llama/llama-3.3-70b-instruct,,0,0,165,700,,Novita,length,0.000302275,700
765,"job experience | job performance | level of education | salary | skills proficiency || AB,AD,AE,BC,BD,CD,CE",RAW,PSEUDO,no,5,False,False,meta-llama/llama-3.3-70b-instruct,no,1,1,101,304,,Novita,stop,0.000135235,700
767,"crop yield | humidity | rainfall | temperature || AB,AC,AD,BC,CD",DR_k1,PSEUDO,no,4,True,True,meta-llama/llama-3.3-70b-instruct,no,1,1,298,606,,Novita,stop,0.00028263,700
767,"crop yield | humidity | rainfall | temperature || AB,AC,AD,BC,CD",ORACLE,PSEUDO,no,4,True,True,meta-llama/llama-3.3-70b-instruct,no,1,1,299,671,,Novita,stop,0.000308765,700
767,"crop yield | humidity | rainfall | temperature || AB,AC,AD,BC,CD",RAW,PSEUDO,no,4,True,True,meta-llama/llama-3.3-70b-instruct,,0,0,244,700,,Novita,length,0.00031294,700
769,"the amount of rainfall | the amount of water in a reservoir | the availability of drinking water | the water level in a river || AB,AD,BC,BD,CD",DR_k1,PSEUDO,no,4,False,False,meta-llama/llama-3.3-70b-instruct,no,1,1,155,336,,Novita,stop,0.000155325,700
769,"the amount of rainfall | the amount of water in a reservoir | the availability of drinking water | the water level in a river || AB,AD,BC,BD,CD",ORACLE,PSEUDO,no,4,False,False,meta-llama/llama-3.3-70b-instruct,no,1,1,156,370,,Novita,stop,0.00016906,700
769,"the amount of rainfall | the amount of water in a reservoir | the availability of drinking water | the water level in a river || AB,AD,BC,BD,CD",RAW,PSEUDO,no,4,False,False,meta-llama/llama-3.3-70b-instruct,no,1,1,98,396,,Novita,stop,0.00017163,700
770,"arrival time at work | availability of public transportation | distance from home to workplace | traffic congestion | weather condition || AC,BC,CD,ED",DR_k1,PSEUDO,no,5,False,False,meta-llama/llama-3.3-70b-instruct,yes,1,0,150,330,,Novita,stop,0.00015225,700
770,"arrival time at work | availability of public transportation | distance from home to workplace | traffic congestion | weather condition || AC,BC,CD,ED",ORACLE,PSEUDO,no,5,False,False,meta-llama/llama-3.3-70b-instruct,no,1,1,158,379,,Novita,stop,0.00017293,700
770,"arrival time at work | availability of public transportation | distance from home to workplace | traffic congestion | weather condition || AC,BC,CD,ED",RAW,PSEUDO,no,5,False,False,meta-llama/llama-3.3-70b-instruct,no,1,1,98,141,,Novita,stop,6.963e-05,700
778,"job experience | job performance | level of education | salary | skills proficiency || AB,AD,AE,BC,BD,CD,CE",DR_k1,PSEUDO,no,5,False,False,meta-llama/llama-3.3-70b-instruct,no,1,1,163,532,,Novita,stop,0.000234805,700
778,"job experience | job performance | level of education | salary | skills proficiency || AB,AD,AE,BC,BD,CD,CE",ORACLE,PSEUDO,no,5,False,False,meta-llama/llama-3.3-70b-instruct,no,1,1,163,694,,Novita,stop,0.000299605,700
778,"job experience | job performance | level of education | salary | skills proficiency || AB,AD,AE,BC,BD,CD,CE",RAW,PSEUDO,no,5,False,False,meta-llama/llama-3.3-70b-instruct,no,1,1,98,130,,Novita,stop,6.523e-05,700
781,"amount of exercise | overall health condition | physical fitness level || AB,AC",DR_k1,PSEUDO,no,3,False,False,meta-llama/llama-3.3-70b-instruct,no,1,1,133,218,,Novita,stop,0.000105155,700
781,"amount of exercise | overall health condition | physical fitness level || AB,AC",ORACLE,PSEUDO,no,3,False,False,meta-llama/llama-3.3-70b-instruct,no,1,1,126,81,,Novita,stop,4.941e-05,700
781,"amount of exercise | overall health condition | physical fitness level || AB,AC",RAW,PSEUDO,no,3,False,False,meta-llama/llama-3.3-70b-instruct,no,1,1,96,130,,Novita,stop,6.496e-05,700
783,"child's education level | child's health status | child's social skills | parents' income || AB,AC,AD",DR_k1,PSEUDO,no,4,False,False,meta-llama/llama-3.3-70b-instruct,no,1,1,141,356,,Novita,stop,0.000161435,700
783,"child's education level | child's health status | child's social skills | parents' income || AB,AC,AD",ORACLE,PSEUDO,no,4,False,False,meta-llama/llama-3.3-70b-instruct,no,1,1,132,154,,Novita,stop,7.942e-05,700
783,"child's education level | child's health status | child's social skills | parents' income || AB,AC,AD",RAW,PSEUDO,no,4,False,False,meta-llama/llama-3.3-70b-instruct,no,1,1,98,170,,Novita,stop,8.123e-05,700
786,"education level | happiness level | income level | job performance || AB,AC,BD,CD",DR_k1,PSEUDO,no,4,False,False,meta-llama/llama-3.3-70b-instruct,no,1,1,154,550,,Novita,stop,0.00024079,700
786,"education level | happiness level | income level | job performance || AB,AC,BD,CD",ORACLE,PSEUDO,no,4,False,False,meta-llama/llama-3.3-70b-instruct,no,1,1,154,150,,Novita,stop,8.079e-05,700
786,"education level | happiness level | income level | job performance || AB,AC,BD,CD",RAW,PSEUDO,no,4,False,False,meta-llama/llama-3.3-70b-instruct,no,1,1,100,445,,Novita,stop,0.0001915,700
787,"amount of exercise | body weight | dietary habits | risk of developing chronic diseases || AC,BC,CD",DR_k1,PSEUDO,no,4,True,True,meta-llama/llama-3.3-70b-instruct,no,1,1,184,194,,Novita,stop,0.00010244,700
787,"amount of exercise | body weight | dietary habits | risk of developing chronic diseases || AC,BC,CD",ORACLE,PSEUDO,no,4,True,True,meta-llama/llama-3.3-70b-instruct,no,1,1,191,161,,Novita,stop,9.0185e-05,700
787,"amount of exercise | body weight | dietary habits | risk of developing chronic diseases || AC,BC,CD",RAW,PSEUDO,no,4,True,True,meta-llama/llama-3.3-70b-instruct,no,1,1,144,125,,Novita,stop,6.944e-05,700
794,"amount of rainfall | crop yield | soil moisture level | weather conditions || AC,AD,BC,CD",DR_k1,PSEUDO,no,4,False,False,meta-llama/llama-3.3-70b-instruct,no,1,1,144,156,,Novita,stop,8.184e-05,700
794,"amount of rainfall | crop yield | soil moisture level | weather conditions || AC,AD,BC,CD",ORACLE,PSEUDO,no,4,False,False,meta-llama/llama-3.3-70b-instruct,no,1,1,151,245,,Novita,stop,0.000118385,700
794,"amount of rainfall | crop yield | soil moisture level | weather conditions || AC,AD,BC,CD",RAW,PSEUDO,no,4,False,False,meta-llama/llama-3.3-70b-instruct,yes,1,0,98,339,,Novita,stop,0.00014883,700
795,"a manufacturing plant | the efficiency of the plant's machinery | the overall profitability of the plant | the production output of the plant || AB,AC,AD,BC,BD",DR_k1,PSEUDO,no,4,False,False,meta-llama/llama-3.3-70b-instruct,no,1,1,154,537,,Novita,stop,0.00023559,700
795,"a manufacturing plant | the efficiency of the plant's machinery | the overall profitability of the plant | the production output of the plant || AB,AC,AD,BC,BD",ORACLE,PSEUDO,no,4,False,False,meta-llama/llama-3.3-70b-instruct,no,1,1,146,528,,Novita,stop,0.00023091,700
795,"a manufacturing plant | the efficiency of the plant's machinery | the overall profitability of the plant | the production output of the plant || AB,AC,AD,BC,BD",RAW,PSEUDO,no,4,False,False,meta-llama/llama-3.3-70b-instruct,no,1,1,98,344,,Novita,stop,0.00015083,700
796,"a person's education level | a person's financial stability | a person's income | a person's job status || AB,AC,AD,BC",DR_k1,PSEUDO,no,4,False,False,meta-llama/llama-3.3-70b-instruct,no,1,1,141,332,,Novita,stop,0.000151835,700
796,"a person's education level | a person's financial stability | a person's income | a person's job status || AB,AC,AD,BC",ORACLE,PSEUDO,no,4,False,False,meta-llama/llama-3.3-70b-instruct,no,1,1,142,219,,Novita,stop,0.00010677,700
796,"a person's education level | a person's financial stability | a person's income | a person's job status || AB,AC,AD,BC",RAW,PSEUDO,no,4,False,False,meta-llama/llama-3.3-70b-instruct,no,1,1,98,200,,Novita,stop,9.323e-05,700
798,"arrival time at work | availability of public transportation | distance from home to workplace | traffic congestion | weather condition || AC,BC,CD,ED",DR_k1,PSEUDO,no,5,True,True,meta-llama/llama-3.3-70b-instruct,no,1,1,214,260,,Novita,stop,0.00013289,700
798,"arrival time at work | availability of public transportation | distance from home to workplace | traffic congestion | weather condition || AC,BC,CD,ED",ORACLE,PSEUDO,no,5,True,True,meta-llama/llama-3.3-70b-instruct,no,1,1,214,209,,Novita,stop,0.00011249,700
798,"arrival time at work | availability of public transportation | distance from home to workplace | traffic congestion | weather condition || AC,BC,CD,ED",RAW,PSEUDO,no,5,True,True,meta-llama/llama-3.3-70b-instruct,no,1,1,151,153,,Novita,stop,8.1585e-05,700
800,"a company | company expenses | company profit | company revenue || AB,AC,AD,BC",DR_k1,PSEUDO,no,4,False,False,meta-llama/llama-3.3-70b-instruct,no,1,1,143,187,,Novita,stop,9.4105e-05,700
800,"a company | company expenses | company profit | company revenue || AB,AC,AD,BC",ORACLE,PSEUDO,no,4,False,False,meta-llama/llama-3.3-70b-instruct,no,1,1,142,191,,Novita,stop,9.557e-05,700
800,"a company | company expenses | company profit | company revenue || AB,AC,AD,BC",RAW,PSEUDO,no,4,False,False,meta-llama/llama-3.3-70b-instruct,yes,1,0,98,358,,Novita,stop,0.00015643,700
802,"the amount of sleep the student gets | the grade the student receives on a test | the number of hours a student studies | the overall academic performance of the student || AB,AD,BD,CD",DR_k1,PSEUDO,no,4,False,False,meta-llama/llama-3.3-70b-instruct,no,1,1,151,255,,Novita,stop,0.000122385,700
802,"the amount of sleep the student gets | the grade the student receives on a test | the number of hours a student studies | the overall academic performance of the student || AB,AD,BD,CD",ORACLE,PSEUDO,no,4,False,False,meta-llama/llama-3.3-70b-instruct,no,1,1,150,185,,Novita,stop,9.425e-05,700
802,"the amount of sleep the student gets | the grade the student receives on a test | the number of hours a student studies | the overall academic performance of the student || AB,AD,BD,CD",RAW,PSEUDO,no,4,False,False,meta-llama/llama-3.3-70b-instruct,no,1,1,98,173,,Novita,stop,8.243e-05,700
804,"customer satisfaction | product quality | revenue | sales || AC,BC,CD",DR_k1,PSEUDO,no,4,False,False,meta-llama/llama-3.3-70b-instruct,no,1,1,148,139,,Novita,stop,7.558e-05,700
804,"customer satisfaction | product quality | revenue | sales || AC,BC,CD",ORACLE,PSEUDO,no,4,False,False,meta-llama/llama-3.3-70b-instruct,no,1,1,149,269,,Novita,stop,0.000127715,700
804,"customer satisfaction | product quality | revenue | sales || AC,BC,CD",RAW,PSEUDO,no,4,False,False,meta-llama/llama-3.3-70b-instruct,no,1,1,100,80,,Novita,stop,4.55e-05,700
806,"amount of trash left on the beach | number of people going to the beach | weather conditions || AB,AC,BC",DR_k1,PSEUDO,no,3,False,False,meta-llama/llama-3.3-70b-instruct,no,1,1,142,432,,Novita,stop,0.00019197,700
806,"amount of trash left on the beach | number of people going to the beach | weather conditions || AB,AC,BC",ORACLE,PSEUDO,no,3,False,False,meta-llama/llama-3.3-70b-instruct,no,1,1,142,132,,Novita,stop,7.197e-05,700
806,"amount of trash left on the beach | number of people going to the beach | weather conditions || AB,AC,BC",RAW,PSEUDO,no,3,False,False,meta-llama/llama-3.3-70b-instruct,yes,1,0,99,282,,Novita,stop,0.000126165,700
809,"crop growth | harvest yield | temperature || AB,BC",DR_k1,PSEUDO,no,3,True,True,meta-llama/llama-3.3-70b-instruct,no,1,1,179,372,,Novita,stop,0.000172965,700
809,"crop growth | harvest yield | temperature || AB,BC",ORACLE,PSEUDO,no,3,True,True,meta-llama/llama-3.3-70b-instruct,no,1,1,187,143,,Novita,stop,8.2445e-05,700
809,"crop growth | harvest yield | temperature || AB,BC",RAW,PSEUDO,no,3,True,True,meta-llama/llama-3.3-70b-instruct,no,1,1,148,243,,Novita,stop,0.00011718,700
810,"job performance | level of education | salary level | years of work experience || AC,AD,BC,CD",DR_k1,PSEUDO,no,4,False,False,meta-llama/llama-3.3-70b-instruct,no,1,1,146,488,,Novita,stop,0.00021491,700
810,"job performance | level of education | salary level | years of work experience || AC,AD,BC,CD",ORACLE,PSEUDO,no,4,False,False,meta-llama/llama-3.3-70b-instruct,no,1,1,155,408,,Novita,stop,0.000184125,700
810,"job performance | level of education | salary level | years of work experience || AC,AD,BC,CD",RAW,PSEUDO,no,4,False,False,meta-llama/llama-3.3-70b-instruct,no,1,1,100,128,,Novita,stop,6.47e-05,700
811,"environmental pollution | exposure to toxic chemicals | respiratory diseases || AC,BC",DR_k1,PSEUDO,no,3,False,False,meta-llama/llama-3.3-70b-instruct,no,1,1,134,381,,Novita,stop,0.00017049,700
811,"environmental pollution | exposure to toxic chemicals | respiratory diseases || AC,BC",ORACLE,PSEUDO,no,3,False,False,meta-llama/llama-3.3-70b-instruct,no,1,1,133,275,,Novita,stop,0.000127955,700
811,"environmental pollution | exposure to toxic chemicals | respiratory diseases || AC,BC",RAW,PSEUDO,no,3,False,False,meta-llama/llama-3.3-70b-instruct,yes,1,0,97,212,,Novita,stop,9.7895e-05,700
814,"availability of public transportation | traffic congestion | travel time to work || AB,AC,BC",DR_k1,PSEUDO,no,3,True,True,meta-llama/llama-3.3-70b-instruct,no,1,1,185,209,,Novita,stop,0.000108575,700
814,"availability of public transportation | traffic congestion | travel time to work || AB,AC,BC",ORACLE,PSEUDO,no,3,True,True,meta-llama/llama-3.3-70b-instruct,no,1,1,186,165,,Novita,stop,9.111e-05,700
814,"availability of public transportation | traffic congestion | travel time to work || AB,AC,BC",RAW,PSEUDO,no,3,True,True,meta-llama/llama-3.3-70b-instruct,no,1,1,144,134,,Novita,stop,7.304e-05,700
821,"whether a person eats a healthy diet | whether a person exercises regularly | whether a person has good cardiovascular health | whether a person maintains a healthy weight || AB,AD,BC,CD",DR_k1,PSEUDO,no,4,True,True,meta-llama/llama-3.3-70b-instruct,no,1,1,304,598,,Novita,stop,0.00028024,700
821,"whether a person eats a healthy diet | whether a person exercises regularly | whether a person has good cardiovascular health | whether a person maintains a healthy weight || AB,AD,BC,CD",ORACLE,PSEUDO,no,4,True,True,meta-llama/llama-3.3-70b-instruct,no,1,1,304,596,,Novita,stop,0.00027944,700
821,"whether a person eats a healthy diet | whether a person exercises regularly | whether a person has good cardiovascular health | whether a person maintains a healthy weight || AB,AD,BC,CD",RAW,PSEUDO,no,4,True,True,meta-llama/llama-3.3-70b-instruct,no,1,1,250,672,,Novita,stop,0.00030255,700
825,"grade in the class | number of hours spent studying | test score || AB,AC,BC",DR_k1,PSEUDO,no,3,True,True,meta-llama/llama-3.3-70b-instruct,no,1,1,191,142,,Novita,stop,8.2585e-05,700
825,"grade in the class | number of hours spent studying | test score || AB,AC,BC",ORACLE,PSEUDO,no,3,True,True,meta-llama/llama-3.3-70b-instruct,no,1,1,191,254,,Novita,stop,0.000127385,700
825,"grade in the class | number of hours spent studying | test score || AB,AC,BC",RAW,PSEUDO,no,3,True,True,meta-llama/llama-3.3-70b-instruct,no,1,1,148,163,,Novita,stop,8.518e-05,700
827,"the amount of rainfall | the amount of water in a reservoir | the availability of drinking water | the water level in a river || AB,AD,BC,BD,CD",DR_k1,PSEUDO,no,4,True,True,meta-llama/llama-3.3-70b-instruct,no,1,1,201,272,,Novita,stop,0.000135935,700
827,"the amount of rainfall | the amount of water in a reservoir | the availability of drinking water | the water level in a river || AB,AD,BC,BD,CD",ORACLE,PSEUDO,no,4,True,True,meta-llama/llama-3.3-70b-instruct,no,1,1,202,271,,Novita,stop,0.00013567,700
827,"the amount of rainfall | the amount of water in a reservoir | the availability of drinking water | the water level in a river || AB,AD,BC,BD,CD",RAW,PSEUDO,no,4,True,True,meta-llama/llama-3.3-70b-instruct,no,1,1,144,135,,Novita,stop,7.344e-05,700
831,"education level | happiness level | income level | job satisfaction | life satisfaction || AC,AE,BC,BD,CD,CE,DE",DR_k1,PSEUDO,yes,5,True,True,meta-llama/llama-3.3-70b-instruct,yes,1,1,218,197,,Novita,stop,0.00010823,700
831,"education level | happiness level | income level | job satisfaction | life satisfaction || AC,AE,BC,BD,CD,CE,DE",ORACLE,PSEUDO,yes,5,True,True,meta-llama/llama-3.3-70b-instruct,yes,1,1,217,244,,Novita,stop,0.000126895,700
831,"education level | happiness level | income level | job satisfaction | life satisfaction || AC,AE,BC,BD,CD,CE,DE",RAW,PSEUDO,yes,5,True,True,meta-llama/llama-3.3-70b-instruct,yes,1,1,144,116,,Novita,stop,6.584e-05,700
834,"business owner | number of employees | profit | revenue || AB,AC,AD,BC,BD,CD",DR_k1,PSEUDO,no,4,False,False,meta-llama/llama-3.3-70b-instruct,no,1,1,158,440,,Novita,stop,0.00019733,700
834,"business owner | number of employees | profit | revenue || AB,AC,AD,BC,BD,CD",ORACLE,PSEUDO,no,4,False,False,meta-llama/llama-3.3-70b-instruct,no,1,1,159,334,,Novita,stop,0.000155065,700
834,"business owner | number of employees | profit | revenue || AB,AC,AD,BC,BD,CD",RAW,PSEUDO,no,4,False,False,meta-llama/llama-3.3-70b-instruct,no,1,1,98,322,,Novita,stop,0.00014203,700
838,"job experience | job performance | level of education | salary | skills proficiency || AB,AD,AE,BC,BD,CD,CE",DR_k1,PSEUDO,no,5,True,True,meta-llama/llama-3.3-70b-instruct,no,1,1,305,589,,Novita,stop,0.000276775,700
838,"job experience | job performance | level of education | salary | skills proficiency || AB,AD,AE,BC,BD,CD,CE",ORACLE,PSEUDO,no,5,True,True,meta-llama/llama-3.3-70b-instruct,no,1,1,305,582,,Novita,stop,0.000273975,700
838,"job experience | job performance | level of education | salary | skills proficiency || AB,AD,AE,BC,BD,CD,CE",RAW,PSEUDO,no,5,True,True,meta-llama/llama-3.3-70b-instruct,no,1,1,244,632,,Novita,stop,0.00028574,700
840,"education level | happiness level | income level | job performance || AB,AC,BD,CD",DR_k1,PSEUDO,no,4,True,True,meta-llama/llama-3.3-70b-instruct,no,1,1,297,557,,Novita,stop,0.000262895,700
840,"education level | happiness level | income level | job performance || AB,AC,BD,CD",ORACLE,PSEUDO,no,4,True,True,meta-llama/llama-3.3-70b-instruct,no,1,1,298,547,,Novita,stop,0.00025903,700
840,"education level | happiness level | income level | job performance || AB,AC,BD,CD",RAW,PSEUDO,no,4,True,True,meta-llama/llama-3.3-70b-instruct,no,1,1,244,388,,Novita,stop,0.00018814,700
841,"availability of alternative routes | road construction | traffic congestion | travel time to destination || AB,AC,AD,BD,CD",DR_k1,PSEUDO,no,4,False,False,meta-llama/llama-3.3-70b-instruct,no,1,1,155,288,,Novita,stop,0.000136125,700
841,"availability of alternative routes | road construction | traffic congestion | travel time to destination || AB,AC,AD,BD,CD",ORACLE,PSEUDO,no,4,False,False,meta-llama/llama-3.3-70b-instruct,no,1,1,156,278,,Novita,stop,0.00013226,700
841,"availability of alternative routes | road construction | traffic congestion | travel time to destination || AB,AC,AD,BD,CD",RAW,PSEUDO,no,4,False,False,meta-llama/llama-3.3-70b-instruct,no,1,1,98,140,,Novita,stop,6.923e-05,700
842,"crop yield | humidity | rainfall | temperature || AB,AC,AD,BC,CD",DR_k1,PSEUDO,no,4,False,False,meta-llama/llama-3.3-70b-instruct,no,1,1,157,480,,Novita,stop,0.000213195,700
842,"crop yield | humidity | rainfall | temperature || AB,AC,AD,BC,CD",ORACLE,PSEUDO,no,4,False,False,meta-llama/llama-3.3-70b-instruct,no,1,1,158,359,,Novita,stop,0.00016493,700
842,"crop yield | humidity | rainfall | temperature || AB,AC,AD,BC,CD",RAW,PSEUDO,no,4,False,False,meta-llama/llama-3.3-70b-instruct,no,1,1,100,38,,Novita,stop,2.87e-05,700
845,"business owner | number of employees | profit | revenue || AB,AC,AD,BC,BD,CD",DR_k1,PSEUDO,yes,4,True,True,meta-llama/llama-3.3-70b-instruct,,0,0,305,700,,Novita,length,0.000321175,700
845,"business owner | number of employees | profit | revenue || AB,AC,AD,BC,BD,CD",ORACLE,PSEUDO,yes,4,True,True,meta-llama/llama-3.3-70b-instruct,,0,0,304,700,,Novita,length,0.00032104,700
845,"business owner | number of employees | profit | revenue || AB,AC,AD,BC,BD,CD",RAW,PSEUDO,yes,4,True,True,meta-llama/llama-3.3-70b-instruct,,0,0,244,700,,Novita,length,0.00031294,700
847,"education level | income level | job satisfaction | quality of life || AC,AD,BC,BD,CD",DR_k1,PSEUDO,yes,4,True,True,meta-llama/llama-3.3-70b-instruct,yes,1,1,200,243,,Novita,stop,0.0001242,700
847,"education level | income level | job satisfaction | quality of life || AC,AD,BC,BD,CD",ORACLE,PSEUDO,yes,4,True,True,meta-llama/llama-3.3-70b-instruct,yes,1,1,200,208,,Novita,stop,0.0001102,700
847,"education level | income level | job satisfaction | quality of life || AC,AD,BC,BD,CD",RAW,PSEUDO,yes,4,True,True,meta-llama/llama-3.3-70b-instruct,yes,1,1,144,176,,Novita,stop,8.984e-05,700
854,"education level | happiness level | income level | job performance || AB,AC,BD,CD",DR_k1,PSEUDO,yes,4,True,True,meta-llama/llama-3.3-70b-instruct,yes,1,1,197,202,,Novita,stop,0.000107395,700
854,"education level | happiness level | income level | job performance || AB,AC,BD,CD",ORACLE,PSEUDO,yes,4,True,True,meta-llama/llama-3.3-70b-instruct,,0,0,196,700,,Novita,length,0.00030646,700
854,"education level | happiness level | income level | job performance || AB,AC,BD,CD",RAW,PSEUDO,yes,4,True,True,meta-llama/llama-3.3-70b-instruct,yes,1,1,144,129,,Novita,stop,7.104e-05,700
856,"the amount of rainfall | the amount of water in a reservoir | the availability of drinking water | the water level in a river || AB,AD,BC,BD,CD",DR_k1,PSEUDO,no,4,True,True,meta-llama/llama-3.3-70b-instruct,no,1,1,301,524,,Novita,stop,0.000250235,700
856,"the amount of rainfall | the amount of water in a reservoir | the availability of drinking water | the water level in a river || AB,AD,BC,BD,CD",ORACLE,PSEUDO,no,4,True,True,meta-llama/llama-3.3-70b-instruct,,0,0,302,700,,Novita,length,0.00032077,700
856,"the amount of rainfall | the amount of water in a reservoir | the availability of drinking water | the water level in a river || AB,AD,BC,BD,CD",RAW,PSEUDO,no,4,True,True,meta-llama/llama-3.3-70b-instruct,no,1,1,244,523,,Novita,stop,0.00024214,700
858,"availability of alternative routes | road construction | traffic congestion | travel time to destination || AB,AC,AD,BD,CD",DR_k1,PSEUDO,no,4,False,False,meta-llama/llama-3.3-70b-instruct,no,1,1,154,418,,Novita,stop,0.00018799,700
858,"availability of alternative routes | road construction | traffic congestion | travel time to destination || AB,AC,AD,BD,CD",ORACLE,PSEUDO,no,4,False,False,meta-llama/llama-3.3-70b-instruct,no,1,1,153,330,,Novita,stop,0.000152655,700
858,"availability of alternative routes | road construction | traffic congestion | travel time to destination || AB,AC,AD,BD,CD",RAW,PSEUDO,no,4,False,False,meta-llama/llama-3.3-70b-instruct,no,1,1,98,154,,Novita,stop,7.483e-05,700
859,"job performance rating | level of education | salary | years of work experience || AC,AD,BC,BD",DR_k1,PSEUDO,no,4,False,False,meta-llama/llama-3.3-70b-instruct,yes,1,0,151,629,,Novita,stop,0.000271985,700
859,"job performance rating | level of education | salary | years of work experience || AC,AD,BC,BD",ORACLE,PSEUDO,no,4,False,False,meta-llama/llama-3.3-70b-instruct,yes,1,0,143,450,,Novita,stop,0.000199305,700
859,"job performance rating | level of education | salary | years of work experience || AC,AD,BC,BD",RAW,PSEUDO,no,4,False,False,meta-llama/llama-3.3-70b-instruct,yes,1,0,98,271,,Novita,stop,0.00012163,700
860,"amount of rainfall | crop yield | weather conditions || AB,AC,BC",DR_k1,PSEUDO,no,3,False,False,meta-llama/llama-3.3-70b-instruct,no,1,1,136,466,,Novita,stop,0.00020476,700
860,"amount of rainfall | crop yield | weather conditions || AB,AC,BC",ORACLE,PSEUDO,no,3,False,False,meta-llama/llama-3.3-70b-instruct,no,1,1,137,261,,Novita,stop,0.000122895,700
860,"amount of rainfall | crop yield | weather conditions || AB,AC,BC",RAW,PSEUDO,no,3,False,False,meta-llama/llama-3.3-70b-instruct,yes,1,0,96,372,,Novita,stop,0.00016176,700
861,"job experience | job performance | level of education | salary | skills proficiency || AB,AD,AE,BC,BD,CD,CE",DR_k1,PSEUDO,no,5,False,False,meta-llama/llama-3.3-70b-instruct,no,1,1,173,510,,Novita,stop,0.000227355,700
861,"job experience | job performance | level of education | salary | skills proficiency || AB,AD,AE,BC,BD,CD,CE",ORACLE,PSEUDO,no,5,False,False,meta-llama/llama-3.3-70b-instruct,no,1,1,165,430,,Novita,stop,0.000194275,700
861,"job experience | job performance | level of education | salary | skills proficiency || AB,AD,AE,BC,BD,CD,CE",RAW,PSEUDO,no,5,False,False,meta-llama/llama-3.3-70b-instruct,no,1,1,100,265,,Novita,stop,0.0001195,700
865,"amount of exercise | body weight | caloric intake | overall health || AD,BC,CD",DR_k1,PSEUDO,yes,4,True,True,meta-llama/llama-3.3-70b-instruct,yes,1,1,186,127,,Novita,stop,7.591e-05,700
865,"amount of exercise | body weight | caloric intake | overall health || AD,BC,CD",ORACLE,PSEUDO,yes,4,True,True,meta-llama/llama-3.3-70b-instruct,yes,1,1,193,231,,Novita,stop,0.000118455,700
865,"amount of exercise | body weight | caloric intake | overall health || AD,BC,CD",RAW,PSEUDO,yes,4,True,True,meta-llama/llama-3.3-70b-instruct,yes,1,1,144,125,,Novita,stop,6.944e-05,700
868,"job experience | job performance | level of education | salary || AB,AD,BC,BD,CD",DR_k1,PSEUDO,no,4,False,False,meta-llama/llama-3.3-70b-instruct,no,1,1,159,436,,Novita,stop,0.000195865,700
868,"job experience | job performance | level of education | salary || AB,AD,BC,BD,CD",ORACLE,PSEUDO,no,4,False,False,meta-llama/llama-3.3-70b-instruct,no,1,1,159,516,,Novita,stop,0.000227865,700
868,"job experience | job performance | level of education | salary || AB,AD,BC,BD,CD",RAW,PSEUDO,no,4,False,False,meta-llama/llama-3.3-70b-instruct,no,1,1,100,213,,Novita,stop,9.87e-05,700
869,"customer satisfaction | product quality | revenue | sales || AC,BC,CD",DR_k1,PSEUDO,no,4,False,False,meta-llama/llama-3.3-70b-instruct,no,1,1,137,292,,Novita,stop,0.000135295,700
869,"customer satisfaction | product quality | revenue | sales || AC,BC,CD",ORACLE,PSEUDO,no,4,False,False,meta-llama/llama-3.3-70b-instruct,no,1,1,146,241,,Novita,stop,0.00011611,700
869,"customer satisfaction | product quality | revenue | sales || AC,BC,CD",RAW,PSEUDO,no,4,False,False,meta-llama/llama-3.3-70b-instruct,yes,1,0,96,347,,Novita,stop,0.00015176,700
874,"access to medical facilities | education level | healthcare coverage | income level | overall health status || AC,AE,BC,BE,CD,CE,DE",DR_k1,PSEUDO,no,5,True,True,meta-llama/llama-3.3-70b-instruct,no,1,1,219,265,,Novita,stop,0.000135565,700
874,"access to medical facilities | education level | healthcare coverage | income level | overall health status || AC,AE,BC,BE,CD,CE,DE",ORACLE,PSEUDO,no,5,True,True,meta-llama/llama-3.3-70b-instruct,no,1,1,219,233,,Novita,stop,0.000122765,700
874,"access to medical facilities | education level | healthcare coverage | income level | overall health status || AC,AE,BC,BE,CD,CE,DE",RAW,PSEUDO,no,5,True,True,meta-llama/llama-3.3-70b-instruct,no,1,1,148,141,,Novita,stop,7.638e-05,700
878,"amount of rainfall | crop yield | soil moisture || AB,BC",DR_k1,PSEUDO,no,3,True,True,meta-llama/llama-3.3-70b-instruct,no,1,1,174,222,,Novita,stop,0.00011229,700
878,"amount of rainfall | crop yield | soil moisture || AB,BC",ORACLE,PSEUDO,no,3,True,True,meta-llama/llama-3.3-70b-instruct,no,1,1,183,272,,Novita,stop,0.000133505,700
878,"amount of rainfall | crop yield | soil moisture || AB,BC",RAW,PSEUDO,no,3,True,True,meta-llama/llama-3.3-70b-instruct,no,1,1,144,133,,Novita,stop,7.264e-05,700
882,"the amount of exercise a person gets | the amount of sleep a person gets | the person's energy level | the person's overall health || AD,BC,CD",DR_k1,PSEUDO,no,4,False,False,meta-llama/llama-3.3-70b-instruct,yes,1,0,149,345,,Novita,stop,0.000158115,700
882,"the amount of exercise a person gets | the amount of sleep a person gets | the person's energy level | the person's overall health || AD,BC,CD",ORACLE,PSEUDO,no,4,False,False,meta-llama/llama-3.3-70b-instruct,no,1,1,149,237,,Novita,stop,0.000114915,700
882,"the amount of exercise a person gets | the amount of sleep a person gets | the person's energy level | the person's overall health || AD,BC,CD",RAW,PSEUDO,no,4,False,False,meta-llama/llama-3.3-70b-instruct,no,1,1,98,269,,Novita,stop,0.00012083,700
884,"amount of money saved | financial return on investment | investment in stocks || AB,AC,BC",DR_k1,PSEUDO,no,3,False,False,meta-llama/llama-3.3-70b-instruct,no,1,1,141,354,,Novita,stop,0.000160635,700
884,"amount of money saved | financial return on investment | investment in stocks || AB,AC,BC",ORACLE,PSEUDO,no,3,False,False,meta-llama/llama-3.3-70b-instruct,no,1,1,140,283,,Novita,stop,0.0001321,700
884,"amount of money saved | financial return on investment | investment in stocks || AB,AC,BC",RAW,PSEUDO,no,3,False,False,meta-llama/llama-3.3-70b-instruct,no,1,1,98,294,,Novita,stop,0.00013083,700
887,"the amount of exercise a person does | the person's cardiovascular health | the person's immune system | the person's overall health | the person's respiratory health || AB,AD,BC,BE,CD,CE,DE",DR_k1,PSEUDO,no,5,True,True,meta-llama/llama-3.3-70b-instruct,no,1,1,215,256,,Novita,stop,0.000131425,700
887,"the amount of exercise a person does | the person's cardiovascular health | the person's immune system | the person's overall health | the person's respiratory health || AB,AD,BC,BE,CD,CE,DE",ORACLE,PSEUDO,no,5,True,True,meta-llama/llama-3.3-70b-instruct,no,1,1,215,144,,Novita,stop,8.6625e-05,700
887,"the amount of exercise a person does | the person's cardiovascular health | the person's immune system | the person's overall health | the person's respiratory health || AB,AD,BC,BE,CD,CE,DE",RAW,PSEUDO,no,5,True,True,meta-llama/llama-3.3-70b-instruct,no,1,1,144,150,,Novita,stop,7.944e-05,700
891,"access to educational resources | career success | child's education level | parent's income || AB,AD,BC",DR_k1,PSEUDO,yes,4,True,True,meta-llama/llama-3.3-70b-instruct,yes,1,1,189,322,,Novita,stop,0.000154315,700
891,"access to educational resources | career success | child's education level | parent's income || AB,AD,BC",ORACLE,PSEUDO,yes,4,True,True,meta-llama/llama-3.3-70b-instruct,yes,1,1,188,287,,Novita,stop,0.00014018,700
891,"access to educational resources | career success | child's education level | parent's income || AB,AD,BC",RAW,PSEUDO,yes,4,True,True,meta-llama/llama-3.3-70b-instruct,yes,1,1,148,131,,Novita,stop,7.238e-05,700
896,"the amount of time spent studying | the final grade in the course | the level of understanding of the subject | the test score obtained || AB,AC,BC,BD,CD",DR_k1,PSEUDO,yes,4,True,True,meta-llama/llama-3.3-70b-instruct,yes,1,1,209,253,,Novita,stop,0.000129415,700
896,"the amount of time spent studying | the final grade in the course | the level of understanding of the subject | the test score obtained || AB,AC,BC,BD,CD",ORACLE,PSEUDO,yes,4,True,True,meta-llama/llama-3.3-70b-instruct,yes,1,1,208,269,,Novita,stop,0.00013568,700
896,"the amount of time spent studying | the final grade in the course | the level of understanding of the subject | the test score obtained || AB,AC,BC,BD,CD",RAW,PSEUDO,yes,4,True,True,meta-llama/llama-3.3-70b-instruct,yes,1,1,151,145,,Novita,stop,7.8385e-05,700
905,"amount of exercise | body weight | dietary habits | risk of developing chronic diseases || AC,BC,CD",DR_k1,PSEUDO,no,4,False,False,meta-llama/llama-3.3-70b-instruct,no,1,1,143,221,,Novita,stop,0.000107705,700
905,"amount of exercise | body weight | dietary habits | risk of developing chronic diseases || AC,BC,CD",ORACLE,PSEUDO,no,4,False,False,meta-llama/llama-3.3-70b-instruct,no,1,1,151,243,,Novita,stop,0.000117585,700
905,"amount of exercise | body weight | dietary habits | risk of developing chronic diseases || AC,BC,CD",RAW,PSEUDO,no,4,False,False,meta-llama/llama-3.3-70b-instruct,no,1,1,100,301,,Novita,stop,0.0001339,700
906,"overall health condition | physical fitness level | time spent exercising || AB,AC",DR_k1,PSEUDO,yes,3,True,True,meta-llama/llama-3.3-70b-instruct,yes,1,1,179,181,,Novita,stop,9.6565e-05,700
906,"overall health condition | physical fitness level | time spent exercising || AB,AC",ORACLE,PSEUDO,yes,3,True,True,meta-llama/llama-3.3-70b-instruct,yes,1,1,172,182,,Novita,stop,9.602e-05,700
906,"overall health condition | physical fitness level | time spent exercising || AB,AC",RAW,PSEUDO,yes,3,True,True,meta-llama/llama-3.3-70b-instruct,yes,1,1,142,153,,Novita,stop,8.037e-05,700
908,"a manufacturing plant | the efficiency of the plant's machinery | the overall profitability of the plant | the production output of the plant || AB,AC,AD,BC,BD",DR_k1,PSEUDO,no,4,False,False,meta-llama/llama-3.3-70b-instruct,yes,1,0,159,242,,Novita,stop,0.000118265,700
908,"a manufacturing plant | the efficiency of the plant's machinery | the overall profitability of the plant | the production output of the plant || AB,AC,AD,BC,BD",ORACLE,PSEUDO,no,4,False,False,meta-llama/llama-3.3-70b-instruct,no,1,1,151,248,,Novita,stop,0.000119585,700
908,"a manufacturing plant | the efficiency of the plant's machinery | the overall profitability of the plant | the production output of the plant || AB,AC,AD,BC,BD",RAW,PSEUDO,no,4,False,False,meta-llama/llama-3.3-70b-instruct,no,1,1,100,80,,Novita,stop,4.55e-05,700
910,"customer satisfaction | product quality | revenue | sales || AC,BC,CD",DR_k1,PSEUDO,no,4,True,True,meta-llama/llama-3.3-70b-instruct,no,1,1,195,268,,Novita,stop,0.000133525,700
910,"customer satisfaction | product quality | revenue | sales || AC,BC,CD",ORACLE,PSEUDO,no,4,True,True,meta-llama/llama-3.3-70b-instruct,no,1,1,194,245,,Novita,stop,0.00012419,700
910,"customer satisfaction | product quality | revenue | sales || AC,BC,CD",RAW,PSEUDO,no,4,True,True,meta-llama/llama-3.3-70b-instruct,no,1,1,144,168,,Novita,stop,8.664e-05,700
912,"investment in advertising | number of website visits | sales revenue || AB,AC,BC",DR_k1,PSEUDO,no,3,False,False,meta-llama/llama-3.3-70b-instruct,no,1,1,143,351,,Novita,stop,0.000159705,700
912,"investment in advertising | number of website visits | sales revenue || AB,AC,BC",ORACLE,PSEUDO,no,3,False,False,meta-llama/llama-3.3-70b-instruct,no,1,1,143,537,,Novita,stop,0.000234105,700
912,"investment in advertising | number of website visits | sales revenue || AB,AC,BC",RAW,PSEUDO,no,3,False,False,meta-llama/llama-3.3-70b-instruct,no,1,1,100,80,,Novita,stop,4.55e-05,700
913,"a person's education level | a person's financial stability | a person's income | a person's job status || AB,AC,AD,BC",DR_k1,PSEUDO,no,4,True,True,meta-llama/llama-3.3-70b-instruct,no,1,1,289,546,,Novita,stop,0.000257415,700
913,"a person's education level | a person's financial stability | a person's income | a person's job status || AB,AC,AD,BC",ORACLE,PSEUDO,no,4,True,True,meta-llama/llama-3.3-70b-instruct,,0,0,288,700,,Novita,length,0.00031888,700
913,"a person's education level | a person's financial stability | a person's income | a person's job status || AB,AC,AD,BC",RAW,PSEUDO,no,4,True,True,meta-llama/llama-3.3-70b-instruct,no,1,1,244,563,,Novita,stop,0.00025814,700
914,"the amount of sleep the night before the exam | the number of hours studied for an exam | the overall performance in the course | the score obtained on the exam || AB,AC,BD,CD",DR_k1,PSEUDO,no,4,False,False,meta-llama/llama-3.3-70b-instruct,no,1,1,152,356,,Novita,stop,0.00016292,700
914,"the amount of sleep the night before the exam | the number of hours studied for an exam | the overall performance in the course | the score obtained on the exam || AB,AC,BD,CD",ORACLE,PSEUDO,no,4,False,False,meta-llama/llama-3.3-70b-instruct,no,1,1,152,307,,Novita,stop,0.00014332,700
914,"the amount of sleep the night before the exam | the number of hours studied for an exam | the overall performance in the course | the score obtained on the exam || AB,AC,BD,CD",RAW,PSEUDO,no,4,False,False,meta-llama/llama-3.3-70b-instruct,no,1,1,98,179,,Novita,stop,8.483e-05,700
917,"availability of public transportation | traffic congestion | travel time to work || AB,AC,BC",DR_k1,PSEUDO,no,3,True,True,meta-llama/llama-3.3-70b-instruct,,0,0,293,700,,Novita,length,0.000319555,700
917,"availability of public transportation | traffic congestion | travel time to work || AB,AC,BC",ORACLE,PSEUDO,no,3,True,True,meta-llama/llama-3.3-70b-instruct,no,1,1,293,429,,Novita,stop,0.000211155,700
917,"availability of public transportation | traffic congestion | travel time to work || AB,AC,BC",RAW,PSEUDO,no,3,True,True,meta-llama/llama-3.3-70b-instruct,no,1,1,250,402,,Novita,stop,0.00019455,700
922,"amount of rainfall | growth rate of plants | water level in a nearby river || AB,AC",DR_k1,PSEUDO,no,3,True,True,meta-llama/llama-3.3-70b-instruct,no,1,1,186,343,,Novita,stop,0.00016231,700
922,"amount of rainfall | growth rate of plants | water level in a nearby river || AB,AC",ORACLE,PSEUDO,no,3,True,True,meta-llama/llama-3.3-70b-instruct,no,1,1,178,167,,Novita,stop,9.083e-05,700
922,"amount of rainfall | growth rate of plants | water level in a nearby river || AB,AC",RAW,PSEUDO,no,3,True,True,meta-llama/llama-3.3-70b-instruct,no,1,1,148,140,,Novita,stop,7.598e-05,700
924,"grade in the class | number of hours spent studying | test score || AB,AC,BC",DR_k1,PSEUDO,no,3,False,False,meta-llama/llama-3.3-70b-instruct,no,1,1,138,445,,Novita,stop,0.00019663,700
924,"grade in the class | number of hours spent studying | test score || AB,AC,BC",ORACLE,PSEUDO,no,3,False,False,meta-llama/llama-3.3-70b-instruct,no,1,1,139,238,,Novita,stop,0.000113965,700
924,"grade in the class | number of hours spent studying | test score || AB,AC,BC",RAW,PSEUDO,no,3,False,False,meta-llama/llama-3.3-70b-instruct,no,1,1,98,110,,Novita,stop,5.723e-05,700
925,"whether a person gets a good grade in the course | whether a person passes the exam | whether a person studies for an exam || AB,AC,BC",DR_k1,PSEUDO,no,3,False,False,meta-llama/llama-3.3-70b-instruct,no,1,1,136,289,,Novita,stop,0.00013396,700
925,"whether a person gets a good grade in the course | whether a person passes the exam | whether a person studies for an exam || AB,AC,BC",ORACLE,PSEUDO,no,3,False,False,meta-llama/llama-3.3-70b-instruct,no,1,1,136,185,,Novita,stop,9.236e-05,700
925,"whether a person gets a good grade in the course | whether a person passes the exam | whether a person studies for an exam || AB,AC,BC",RAW,PSEUDO,no,3,False,False,meta-llama/llama-3.3-70b-instruct,no,1,1,97,328,,Novita,stop,0.000144295,700
928,"whether a person eats a healthy diet | whether a person exercises regularly | whether a person has good cardiovascular health | whether a person maintains a healthy weight || AB,AD,BC,CD",DR_k1,PSEUDO,no,4,False,False,meta-llama/llama-3.3-70b-instruct,no,1,1,147,260,,Novita,stop,0.000123845,700
928,"whether a person eats a healthy diet | whether a person exercises regularly | whether a person has good cardiovascular health | whether a person maintains a healthy weight || AB,AD,BC,CD",ORACLE,PSEUDO,no,4,False,False,meta-llama/llama-3.3-70b-instruct,no,1,1,148,308,,Novita,stop,0.00014318,700
928,"whether a person eats a healthy diet | whether a person exercises regularly | whether a person has good cardiovascular health | whether a person maintains a healthy weight || AB,AD,BC,CD",RAW,PSEUDO,no,4,False,False,meta-llama/llama-3.3-70b-instruct,no,1,1,96,158,,Novita,stop,7.616e-05,700
931,"arrival time at work | availability of public transportation | distance from home to workplace | traffic congestion | weather condition || AC,BC,CD,ED",DR_k1,PSEUDO,no,5,True,True,meta-llama/llama-3.3-70b-instruct,no,1,1,206,229,,Novita,stop,0.00011941,700
931,"arrival time at work | availability of public transportation | distance from home to workplace | traffic congestion | weather condition || AC,BC,CD,ED",ORACLE,PSEUDO,no,5,True,True,meta-llama/llama-3.3-70b-instruct,no,1,1,214,238,,Novita,stop,0.00012409,700
931,"arrival time at work | availability of public transportation | distance from home to workplace | traffic congestion | weather condition || AC,BC,CD,ED",RAW,PSEUDO,no,5,True,True,meta-llama/llama-3.3-70b-instruct,no,1,1,151,275,,Novita,stop,0.000130385,700
935,"a company | company expenses | company profit | company revenue || AB,AC,AD,BC",DR_k1,PSEUDO,no,4,False,False,meta-llama/llama-3.3-70b-instruct,no,1,1,152,455,,Novita,stop,0.00020252,700
935,"a company | company expenses | company profit | company revenue || AB,AC,AD,BC",ORACLE,PSEUDO,no,4,False,False,meta-llama/llama-3.3-70b-instruct,no,1,1,143,516,,Novita,stop,0.000225705,700
935,"a company | company expenses | company profit | company revenue || AB,AC,AD,BC",RAW,PSEUDO,no,4,False,False,meta-llama/llama-3.3-70b-instruct,no,1,1,98,334,,Novita,stop,0.00014683,700
938,"student's attendance in class | student's final grade in the course | student's performance on exams || AB,BC",DR_k1,PSEUDO,yes,3,True,True,meta-llama/llama-3.3-70b-instruct,yes,1,1,174,229,,Novita,stop,0.00011509,700
938,"student's attendance in class | student's final grade in the course | student's performance on exams || AB,BC",ORACLE,PSEUDO,yes,3,True,True,meta-llama/llama-3.3-70b-instruct,yes,1,1,183,269,,Novita,stop,0.000132305,700
938,"student's attendance in class | student's final grade in the course | student's performance on exams || AB,BC",RAW,PSEUDO,yes,3,True,True,meta-llama/llama-3.3-70b-instruct,yes,1,1,144,134,,Novita,stop,7.304e-05,700
941,"the final grade of the student | whether a student studies for an exam | whether the student is well-prepared | whether the student performs well on the exam | whether the student understands the material || AB,AC,AD,BC,BD,BE,CD,DE",DR_k1,PSEUDO,no,5,True,True,meta-llama/llama-3.3-70b-instruct,no,1,1,211,259,,Novita,stop,0.000132085,700
941,"the final grade of the student | whether a student studies for an exam | whether the student is well-prepared | whether the student performs well on the exam | whether the student understands the material || AB,AC,AD,BC,BD,BE,CD,DE",ORACLE,PSEUDO,no,5,True,True,meta-llama/llama-3.3-70b-instruct,no,1,1,219,299,,Novita,stop,0.000149165,700
941,"the final grade of the student | whether a student studies for an exam | whether the student is well-prepared | whether the student performs well on the exam | whether the student understands the material || AB,AC,AD,BC,BD,BE,CD,DE",RAW,PSEUDO,no,5,True,True,meta-llama/llama-3.3-70b-instruct,no,1,1,144,138,,Novita,stop,7.464e-05,700
942,"crop yield | economic growth | humidity level | profit of farmers | weather conditions || AB,AC,BC,BD,CD,DE",DR_k1,PSEUDO,no,5,True,True,meta-llama/llama-3.3-70b-instruct,no,1,1,201,344,,Novita,stop,0.000164735,700
942,"crop yield | economic growth | humidity level | profit of farmers | weather conditions || AB,AC,BC,BD,CD,DE",ORACLE,PSEUDO,no,5,True,True,meta-llama/llama-3.3-70b-instruct,no,1,1,208,220,,Novita,stop,0.00011608,700
942,"crop yield | economic growth | humidity level | profit of farmers | weather conditions || AB,AC,BC,BD,CD,DE",RAW,PSEUDO,no,5,True,True,meta-llama/llama-3.3-70b-instruct,no,1,1,144,134,,Novita,stop,7.304e-05,700
946,"humidity | temperature | weather conditions || AB,AC",DR_k1,PSEUDO,no,3,False,False,meta-llama/llama-3.3-70b-instruct,yes,1,0,133,394,,Novita,stop,0.000175555,700
946,"humidity | temperature | weather conditions || AB,AC",ORACLE,PSEUDO,no,3,False,False,meta-llama/llama-3.3-70b-instruct,no,1,1,125,83,,Novita,stop,5.0075e-05,700
946,"humidity | temperature | weather conditions || AB,AC",RAW,PSEUDO,no,3,False,False,meta-llama/llama-3.3-70b-instruct,no,1,1,96,72,,Novita,stop,4.176e-05,700
948,"amount of rainfall | crop yield | soil moisture level | weather conditions || AC,AD,BC,CD",DR_k1,PSEUDO,no,4,True,True,meta-llama/llama-3.3-70b-instruct,no,1,1,200,160,,Novita,stop,9.1e-05,700
948,"amount of rainfall | crop yield | soil moisture level | weather conditions || AC,AD,BC,CD",ORACLE,PSEUDO,no,4,True,True,meta-llama/llama-3.3-70b-instruct,no,1,1,201,203,,Novita,stop,0.000108335,700
948,"amount of rainfall | crop yield | soil moisture level | weather conditions || AC,AD,BC,CD",RAW,PSEUDO,no,4,True,True,meta-llama/llama-3.3-70b-instruct,no,1,1,148,163,,Novita,stop,8.518e-05,700
953,"the final grade of the student | whether a student studies for an exam | whether the student is well-prepared | whether the student performs well on the exam | whether the student understands the material || AB,AC,AD,BC,BD,BE,CD,DE",DR_k1,PSEUDO,no,5,False,False,meta-llama/llama-3.3-70b-instruct,no,1,1,179,620,,Novita,stop,0.000272165,700
953,"the final grade of the student | whether a student studies for an exam | whether the student is well-prepared | whether the student performs well on the exam | whether the student understands the material || AB,AC,AD,BC,BD,BE,CD,DE",ORACLE,PSEUDO,no,5,False,False,meta-llama/llama-3.3-70b-instruct,no,1,1,179,422,,Novita,stop,0.000192965,700
953,"the final grade of the student | whether a student studies for an exam | whether the student is well-prepared | whether the student performs well on the exam | whether the student understands the material || AB,AC,AD,BC,BD,BE,CD,DE",RAW,PSEUDO,no,5,False,False,meta-llama/llama-3.3-70b-instruct,no,1,1,100,241,,Novita,stop,0.0001099,700
956,"the grade achieved in an exam | the likelihood of getting a scholarship | the likelihood of getting admitted to a university | the number of hours spent studying || AB,BC,BD",DR_k1,PSEUDO,no,4,True,True,meta-llama/llama-3.3-70b-instruct,no,1,1,183,163,,Novita,stop,8.9905e-05,700
956,"the grade achieved in an exam | the likelihood of getting a scholarship | the likelihood of getting admitted to a university | the number of hours spent studying || AB,BC,BD",ORACLE,PSEUDO,no,4,True,True,meta-llama/llama-3.3-70b-instruct,no,1,1,190,246,,Novita,stop,0.00012405,700
956,"the grade achieved in an exam | the likelihood of getting a scholarship | the likelihood of getting admitted to a university | the number of hours spent studying || AB,BC,BD",RAW,PSEUDO,no,4,True,True,meta-llama/llama-3.3-70b-instruct,no,1,1,148,175,,Novita,stop,8.998e-05,700
959,"job experience | job performance | level of education | salary | skills proficiency || AB,AD,AE,BC,BD,CD,CE",DR_k1,PSEUDO,no,5,False,False,meta-llama/llama-3.3-70b-instruct,no,1,1,155,179,,Novita,stop,9.2525e-05,700
959,"job experience | job performance | level of education | salary | skills proficiency || AB,AD,AE,BC,BD,CD,CE",ORACLE,PSEUDO,no,5,False,False,meta-llama/llama-3.3-70b-instruct,no,1,1,155,330,,Novita,stop,0.000152925,700
959,"job experience | job performance | level of education | salary | skills proficiency || AB,AD,AE,BC,BD,CD,CE",RAW,PSEUDO,no,5,False,False,meta-llama/llama-3.3-70b-instruct,yes,1,0,96,363,,Novita,stop,0.00015816,700
960,"a manufacturing plant | the efficiency of the plant's machinery | the overall profitability of the plant | the production output of the plant || AB,AC,AD,BC,BD",DR_k1,PSEUDO,yes,4,True,True,meta-llama/llama-3.3-70b-instruct,yes,1,1,303,558,,Novita,stop,0.000264105,700
960,"a manufacturing plant | the efficiency of the plant's machinery | the overall profitability of the plant | the production output of the plant || AB,AC,AD,BC,BD",ORACLE,PSEUDO,yes,4,True,True,meta-llama/llama-3.3-70b-instruct,yes,1,1,295,478,,Novita,stop,0.000231025,700
960,"a manufacturing plant | the efficiency of the plant's machinery | the overall profitability of the plant | the production output of the plant || AB,AC,AD,BC,BD",RAW,PSEUDO,yes,4,True,True,meta-llama/llama-3.3-70b-instruct,yes,1,1,244,612,,Novita,stop,0.00027774,700
962,"job performance | job satisfaction | level of education | salary || AB,BC,BD,CD",DR_k1,PSEUDO,no,4,True,True,meta-llama/llama-3.3-70b-instruct,no,1,1,197,268,,Novita,stop,0.000133795,700
962,"job performance | job satisfaction | level of education | salary || AB,BC,BD,CD",ORACLE,PSEUDO,no,4,True,True,meta-llama/llama-3.3-70b-instruct,no,1,1,198,174,,Novita,stop,9.633e-05,700
962,"job performance | job satisfaction | level of education | salary || AB,BC,BD,CD",RAW,PSEUDO,no,4,True,True,meta-llama/llama-3.3-70b-instruct,no,1,1,144,133,,Novita,stop,7.264e-05,700
971,"customer satisfaction with a product | number of positive reviews for the product | revenue generated from the product | sales performance of the product || AB,AD,BC,CD",DR_k1,PSEUDO,no,4,True,True,meta-llama/llama-3.3-70b-instruct,no,1,1,200,386,,Novita,stop,0.0001814,700
971,"customer satisfaction with a product | number of positive reviews for the product | revenue generated from the product | sales performance of the product || AB,AD,BC,CD",ORACLE,PSEUDO,no,4,True,True,meta-llama/llama-3.3-70b-instruct,no,1,1,200,392,,Novita,stop,0.0001838,700
971,"customer satisfaction with a product | number of positive reviews for the product | revenue generated from the product | sales performance of the product || AB,AD,BC,CD",RAW,PSEUDO,no,4,True,True,meta-llama/llama-3.3-70b-instruct,no,1,1,148,136,,Novita,stop,7.438e-05,700
975,"access to medical facilities | education level | healthcare coverage | income level | overall health status || AC,AE,BC,BE,CD,CE,DE",DR_k1,PSEUDO,no,5,True,True,meta-llama/llama-3.3-70b-instruct,no,1,1,218,297,,Novita,stop,0.00014823,700
975,"access to medical facilities | education level | healthcare coverage | income level | overall health status || AC,AE,BC,BE,CD,CE,DE",ORACLE,PSEUDO,no,5,True,True,meta-llama/llama-3.3-70b-instruct,no,1,1,217,303,,Novita,stop,0.000150495,700
975,"access to medical facilities | education level | healthcare coverage | income level | overall health status || AC,AE,BC,BE,CD,CE,DE",RAW,PSEUDO,no,5,True,True,meta-llama/llama-3.3-70b-instruct,no,1,1,144,136,,Novita,stop,7.384e-05,700
977,"the exam score | the number of hours spent sleeping the night before the exam | the number of hours spent studying for an exam || AC,BC",DR_k1,PSEUDO,no,3,True,True,meta-llama/llama-3.3-70b-instruct,no,1,1,187,328,,Novita,stop,0.000156445,700
977,"the exam score | the number of hours spent sleeping the night before the exam | the number of hours spent studying for an exam || AC,BC",ORACLE,PSEUDO,no,3,True,True,meta-llama/llama-3.3-70b-instruct,no,1,1,187,165,,Novita,stop,9.1245e-05,700
977,"the exam score | the number of hours spent sleeping the night before the exam | the number of hours spent studying for an exam || AC,BC",RAW,PSEUDO,no,3,True,True,meta-llama/llama-3.3-70b-instruct,no,1,1,148,141,,Novita,stop,7.638e-05,700
979,"student's attendance in class | student's final grade in the course | student's performance on exams || AB,BC",DR_k1,PSEUDO,no,3,False,False,meta-llama/llama-3.3-70b-instruct,no,1,1,128,84,,Novita,stop,5.088e-05,700
979,"student's attendance in class | student's final grade in the course | student's performance on exams || AB,BC",ORACLE,PSEUDO,no,3,False,False,meta-llama/llama-3.3-70b-instruct,no,1,1,136,199,,Novita,stop,9.796e-05,700
979,"student's attendance in class | student's final grade in the course | student's performance on exams || AB,BC",RAW,PSEUDO,no,3,False,False,meta-llama/llama-3.3-70b-instruct,no,1,1,98,62,,Novita,stop,3.803e-05,700
980,"the amount of exercise a person gets | the amount of sleep a person gets | the person's energy level | the person's overall health || AD,BC,CD",DR_k1,PSEUDO,no,4,True,True,meta-llama/llama-3.3-70b-instruct,no,1,1,193,151,,Novita,stop,8.6455e-05,700
980,"the amount of exercise a person gets | the amount of sleep a person gets | the person's energy level | the person's overall health || AD,BC,CD",ORACLE,PSEUDO,no,4,True,True,meta-llama/llama-3.3-70b-instruct,no,1,1,194,151,,Novita,stop,8.659e-05,700
980,"the amount of exercise a person gets | the amount of sleep a person gets | the person's energy level | the person's overall health || AD,BC,CD",RAW,PSEUDO,no,4,True,True,meta-llama/llama-3.3-70b-instruct,no,1,1,144,151,,Novita,stop,7.984e-05,700
982,"humidity | temperature | weather conditions || AB,AC",DR_k1,PSEUDO,no,3,True,True,meta-llama/llama-3.3-70b-instruct,no,1,1,187,201,,Novita,stop,0.000105645,700
982,"humidity | temperature | weather conditions || AB,AC",ORACLE,PSEUDO,no,3,True,True,meta-llama/llama-3.3-70b-instruct,no,1,1,179,137,,Novita,stop,7.8965e-05,700
982,"humidity | temperature | weather conditions || AB,AC",RAW,PSEUDO,no,3,True,True,meta-llama/llama-3.3-70b-instruct,no,1,1,148,131,,Novita,stop,7.238e-05,700
990,"amount of sunlight | crop quality | crop yield | weather conditions || AC,AD,BC,BD",DR_k1,PSEUDO,no,4,False,False,meta-llama/llama-3.3-70b-instruct,no,1,1,150,408,,Novita,stop,0.00018345,700
990,"amount of sunlight | crop quality | crop yield | weather conditions || AC,AD,BC,BD",ORACLE,PSEUDO,no,4,False,False,meta-llama/llama-3.3-70b-instruct,no,1,1,141,188,,Novita,stop,9.4235e-05,700
990,"amount of sunlight | crop quality | crop yield | weather conditions || AC,AD,BC,BD",RAW,PSEUDO,no,4,False,False,meta-llama/llama-3.3-70b-instruct,no,1,1,98,163,,Novita,stop,7.843e-05,700
991,"grade in the course | number of hours studied | overall gpa | test performance || AB,BC,CD",DR_k1,PSEUDO,no,4,False,False,meta-llama/llama-3.3-70b-instruct,no,1,1,138,65,,Novita,stop,4.463e-05,700
991,"grade in the course | number of hours studied | overall gpa | test performance || AB,BC,CD",ORACLE,PSEUDO,no,4,False,False,meta-llama/llama-3.3-70b-instruct,no,1,1,146,219,,Novita,stop,0.00010731,700
991,"grade in the course | number of hours studied | overall gpa | test performance || AB,BC,CD",RAW,PSEUDO,no,4,False,False,meta-llama/llama-3.3-70b-instruct,yes,1,0,98,217,,Novita,stop,0.00010003,700
993,"the decision to bring an umbrella | the weather forecast | whether the person gets wet | whether the person stays dry || AB,BC,BD",DR_k1,PSEUDO,no,4,False,False,meta-llama/llama-3.3-70b-instruct,no,1,1,151,240,,Novita,stop,0.000116385,700
993,"the decision to bring an umbrella | the weather forecast | whether the person gets wet | whether the person stays dry || AB,BC,BD",ORACLE,PSEUDO,no,4,False,False,meta-llama/llama-3.3-70b-instruct,no,1,1,142,190,,Novita,stop,9.517e-05,700
993,"the decision to bring an umbrella | the weather forecast | whether the person gets wet | whether the person stays dry || AB,BC,BD",RAW,PSEUDO,no,4,False,False,meta-llama/llama-3.3-70b-instruct,no,1,1,100,119,,Novita,stop,6.11e-05,700
995,"crop yield | the amount of rainfall | the soil moisture level || AB,AC,BC",DR_k1,PSEUDO,no,3,False,False,meta-llama/llama-3.3-70b-instruct,no,1,1,139,338,,Novita,stop,0.000153965,700
995,"crop yield | the amount of rainfall | the soil moisture level || AB,AC,BC",ORACLE,PSEUDO,no,3,False,False,meta-llama/llama-3.3-70b-instruct,no,1,1,139,261,,Novita,stop,0.000123165,700
995,"crop yield | the amount of rainfall | the soil moisture level || AB,AC,BC",RAW,PSEUDO,no,3,False,False,meta-llama/llama-3.3-70b-instruct,no,1,1,98,111,,Novita,stop,5.763e-05,700
999,"the decision to bring an umbrella | the weather forecast | whether the person gets wet | whether the person stays dry || AB,BC,BD",DR_k1,PSEUDO,no,4,False,False,meta-llama/llama-3.3-70b-instruct,no,1,1,131,93,,Novita,stop,5.4885e-05,700
999,"the decision to bring an umbrella | the weather forecast | whether the person gets wet | whether the person stays dry || AB,BC,BD",ORACLE,PSEUDO,no,4,False,False,meta-llama/llama-3.3-70b-instruct,no,1,1,139,207,,Novita,stop,0.000101565,700
999,"the decision to bring an umbrella | the weather forecast | whether the person gets wet | whether the person stays dry || AB,BC,BD",RAW,PSEUDO,no,4,False,False,meta-llama/llama-3.3-70b-instruct,no,1,1,98,105,,Novita,stop,5.523e-05,700
1000,"arrival time at work | availability of public transportation | distance from home to workplace | traffic congestion | weather condition || AC,BC,CD,ED",DR_k1,PSEUDO,no,5,False,False,meta-llama/llama-3.3-70b-instruct,no,1,1,159,111,,Novita,stop,6.5865e-05,700
1000,"arrival time at work | availability of public transportation | distance from home to workplace | traffic congestion | weather condition || AC,BC,CD,ED",ORACLE,PSEUDO,no,5,False,False,meta-llama/llama-3.3-70b-instruct,no,1,1,160,382,,Novita,stop,0.0001744,700
1000,"arrival time at work | availability of public transportation | distance from home to workplace | traffic congestion | weather condition || AC,BC,CD,ED",RAW,PSEUDO,no,5,False,False,meta-llama/llama-3.3-70b-instruct,no,1,1,99,144,,Novita,stop,7.0965e-05,700
1002,"the decision to bring an umbrella | the weather forecast | whether the person gets wet | whether the person stays dry || AB,BC,BD",DR_k1,PSEUDO,yes,4,True,True,meta-llama/llama-3.3-70b-instruct,yes,1,1,193,227,,Novita,stop,0.000116855,700
1002,"the decision to bring an umbrella | the weather forecast | whether the person gets wet | whether the person stays dry || AB,BC,BD",ORACLE,PSEUDO,yes,4,True,True,meta-llama/llama-3.3-70b-instruct,yes,1,1,185,222,,Novita,stop,0.000113775,700
1002,"the decision to bring an umbrella | the weather forecast | whether the person gets wet | whether the person stays dry || AB,BC,BD",RAW,PSEUDO,yes,4,True,True,meta-llama/llama-3.3-70b-instruct,yes,1,1,144,177,,Novita,stop,9.024e-05,700
1005,"education level | happiness level | income level | job satisfaction | life satisfaction || AC,AE,BC,BD,CD,CE,DE",DR_k1,PSEUDO,no,5,True,True,meta-llama/llama-3.3-70b-instruct,no,1,1,222,270,,Novita,stop,0.00013797,700
1005,"education level | happiness level | income level | job satisfaction | life satisfaction || AC,AE,BC,BD,CD,CE,DE",ORACLE,PSEUDO,no,5,True,True,meta-llama/llama-3.3-70b-instruct,no,1,1,222,299,,Novita,stop,0.00014957,700
1005,"education level | happiness level | income level | job satisfaction | life satisfaction || AC,AE,BC,BD,CD,CE,DE",RAW,PSEUDO,no,5,True,True,meta-llama/llama-3.3-70b-instruct,no,1,1,148,143,,Novita,stop,7.718e-05,700
1009,"amount of exercise | body weight | dietary habits | risk of developing chronic diseases || AC,BC,CD",DR_k1,PSEUDO,yes,4,True,True,meta-llama/llama-3.3-70b-instruct,yes,1,1,181,127,,Novita,stop,7.5235e-05,700
1009,"amount of exercise | body weight | dietary habits | risk of developing chronic diseases || AC,BC,CD",ORACLE,PSEUDO,yes,4,True,True,meta-llama/llama-3.3-70b-instruct,yes,1,1,188,127,,Novita,stop,7.618e-05,700
1009,"amount of exercise | body weight | dietary habits | risk of developing chronic diseases || AC,BC,CD",RAW,PSEUDO,yes,4,True,True,meta-llama/llama-3.3-70b-instruct,yes,1,1,140,144,,Novita,stop,7.65e-05,700
1017,"a company | company expenses | company profit | company revenue || AB,AC,AD,BC",DR_k1,PSEUDO,no,4,True,True,meta-llama/llama-3.3-70b-instruct,no,1,1,199,265,,Novita,stop,0.000132865,700
1017,"a company | company expenses | company profit | company revenue || AB,AC,AD,BC",ORACLE,PSEUDO,no,4,True,True,meta-llama/llama-3.3-70b-instruct,no,1,1,190,263,,Novita,stop,0.00013085,700
1017,"a company | company expenses | company profit | company revenue || AB,AC,AD,BC",RAW,PSEUDO,no,4,True,True,meta-llama/llama-3.3-70b-instruct,no,1,1,144,159,,Novita,stop,8.304e-05,700
1021,"whether a person gets a good grade in the course | whether a person passes the exam | whether a person studies for an exam || AB,AC,BC",DR_k1,PSEUDO,no,3,False,False,meta-llama/llama-3.3-70b-instruct,no,1,1,139,309,,Novita,stop,0.000142365,700
1021,"whether a person gets a good grade in the course | whether a person passes the exam | whether a person studies for an exam || AB,AC,BC",ORACLE,PSEUDO,no,3,False,False,meta-llama/llama-3.3-70b-instruct,no,1,1,139,250,,Novita,stop,0.000118765,700
1021,"whether a person gets a good grade in the course | whether a person passes the exam | whether a person studies for an exam || AB,AC,BC",RAW,PSEUDO,no,3,False,False,meta-llama/llama-3.3-70b-instruct,yes,1,0,99,209,,Novita,stop,9.6965e-05,700
1022,"amount of rainfall | crop yield | soil moisture level | weather conditions || AC,AD,BC,CD",DR_k1,PSEUDO,no,4,False,False,meta-llama/llama-3.3-70b-instruct,no,1,1,155,370,,Novita,stop,0.000168925,700
1022,"amount of rainfall | crop yield | soil moisture level | weather conditions || AC,AD,BC,CD",ORACLE,PSEUDO,no,4,False,False,meta-llama/llama-3.3-70b-instruct,no,1,1,155,316,,Novita,stop,0.000147325,700
1022,"amount of rainfall | crop yield | soil moisture level | weather conditions || AC,AD,BC,CD",RAW,PSEUDO,no,4,False,False,meta-llama/llama-3.3-70b-instruct,yes,1,0,100,377,,Novita,stop,0.0001643,700
1029,"the grade obtained on the exam | whether a student studies for an exam or not | whether the student passes the course or not || AB,BC",DR_k1,PSEUDO,no,3,False,False,meta-llama/llama-3.3-70b-instruct,no,1,1,132,267,,Novita,stop,0.00012462,700
1029,"the grade obtained on the exam | whether a student studies for an exam or not | whether the student passes the course or not || AB,BC",ORACLE,PSEUDO,no,3,False,False,meta-llama/llama-3.3-70b-instruct,no,1,1,139,201,,Novita,stop,9.9165e-05,700
1029,"the grade obtained on the exam | whether a student studies for an exam or not | whether the student passes the course or not || AB,BC",RAW,PSEUDO,no,3,False,False,meta-llama/llama-3.3-70b-instruct,yes,1,0,101,325,,Novita,stop,0.000143635,700
1033,"the amount of rainfall | the growth rate of crops | the water level in the river || AB,AC",DR_k1,PSEUDO,no,3,False,False,meta-llama/llama-3.3-70b-instruct,yes,1,0,139,449,,Novita,stop,0.000198365,700
1033,"the amount of rainfall | the growth rate of crops | the water level in the river || AB,AC",ORACLE,PSEUDO,no,3,False,False,meta-llama/llama-3.3-70b-instruct,no,1,1,131,376,,Novita,stop,0.000168085,700
1033,"the amount of rainfall | the growth rate of crops | the water level in the river || AB,AC",RAW,PSEUDO,no,3,False,False,meta-llama/llama-3.3-70b-instruct,yes,1,0,100,337,,Novita,stop,0.0001483,700
1034,"first-born child | parent | second-born child | third-born child || AB,AC,AD,BC,BD",DR_k1,PSEUDO,no,4,False,False,meta-llama/llama-3.3-70b-instruct,no,1,1,142,145,,Novita,stop,7.717e-05,700
1034,"first-born child | parent | second-born child | third-born child || AB,AC,AD,BC,BD",ORACLE,PSEUDO,no,4,False,False,meta-llama/llama-3.3-70b-instruct,no,1,1,142,140,,Novita,stop,7.517e-05,700
1034,"first-born child | parent | second-born child | third-born child || AB,AC,AD,BC,BD",RAW,PSEUDO,no,4,False,False,meta-llama/llama-3.3-70b-instruct,no,1,1,96,252,,Novita,stop,0.00011376,700
1035,"income level | job satisfaction | level of education | overall happiness || AB,AC,BC,CD",DR_k1,PSEUDO,yes,4,True,True,meta-llama/llama-3.3-70b-instruct,yes,1,1,290,511,,Novita,stop,0.00024355,700
1035,"income level | job satisfaction | level of education | overall happiness || AB,AC,BC,CD",ORACLE,PSEUDO,yes,4,True,True,meta-llama/llama-3.3-70b-instruct,yes,1,1,298,574,,Novita,stop,0.00026983,700
1035,"income level | job satisfaction | level of education | overall happiness || AB,AC,BC,CD",RAW,PSEUDO,yes,4,True,True,meta-llama/llama-3.3-70b-instruct,yes,1,1,244,562,,Novita,stop,0.00025774,700
1038,"academic performance | amount of sleep obtained | number of hours spent studying || AC,BC",DR_k1,PSEUDO,no,3,False,False,meta-llama/llama-3.3-70b-instruct,no,1,1,136,214,,Novita,stop,0.00010396,700
1038,"academic performance | amount of sleep obtained | number of hours spent studying || AC,BC",ORACLE,PSEUDO,no,3,False,False,meta-llama/llama-3.3-70b-instruct,no,1,1,135,335,,Novita,stop,0.000152225,700
1038,"academic performance | amount of sleep obtained | number of hours spent studying || AC,BC",RAW,PSEUDO,no,3,False,False,meta-llama/llama-3.3-70b-instruct,yes,1,0,98,431,,Novita,stop,0.00018563,700
1041,"amount of exercise | body weight | dietary habits | risk of developing chronic diseases || AC,BC,CD",DR_k1,PSEUDO,yes,4,True,True,meta-llama/llama-3.3-70b-instruct,yes,1,1,199,134,,Novita,stop,8.0465e-05,700
1041,"amount of exercise | body weight | dietary habits | risk of developing chronic diseases || AC,BC,CD",ORACLE,PSEUDO,yes,4,True,True,meta-llama/llama-3.3-70b-instruct,yes,1,1,199,134,,Novita,stop,8.0465e-05,700
1041,"amount of exercise | body weight | dietary habits | risk of developing chronic diseases || AC,BC,CD",RAW,PSEUDO,yes,4,True,True,meta-llama/llama-3.3-70b-instruct,yes,1,1,148,139,,Novita,stop,7.558e-05,700
1042,"the amount of sleep the night before the exam | the number of hours studied for an exam | the overall performance in the course | the score obtained on the exam || AB,AC,BD,CD",DR_k1,PSEUDO,yes,4,True,True,meta-llama/llama-3.3-70b-instruct,yes,1,1,301,571,,Novita,stop,0.000269035,700
1042,"the amount of sleep the night before the exam | the number of hours studied for an exam | the overall performance in the course | the score obtained on the exam || AB,AC,BD,CD",ORACLE,PSEUDO,yes,4,True,True,meta-llama/llama-3.3-70b-instruct,yes,1,1,301,616,,Novita,stop,0.000287035,700
1042,"the amount of sleep the night before the exam | the number of hours studied for an exam | the overall performance in the course | the score obtained on the exam || AB,AC,BD,CD",RAW,PSEUDO,yes,4,True,True,meta-llama/llama-3.3-70b-instruct,yes,1,1,247,377,,Novita,stop,0.000184145,700
1050,"humidity level | probability of flooding | probability of rain | weather conditions || AB,AC,BC,BD",DR_k1,PSEUDO,no,4,True,True,meta-llama/llama-3.3-70b-instruct,no,1,1,184,237,,Novita,stop,0.00011964,700
1050,"humidity level | probability of flooding | probability of rain | weather conditions || AB,AC,BC,BD",ORACLE,PSEUDO,no,4,True,True,meta-llama/llama-3.3-70b-instruct,no,1,1,183,248,,Novita,stop,0.000123905,700
1050,"humidity level | probability of flooding | probability of rain | weather conditions || AB,AC,BC,BD",RAW,PSEUDO,no,4,True,True,meta-llama/llama-3.3-70b-instruct,no,1,1,140,144,,Novita,stop,7.65e-05,700
1057,"the amount of exercise a person does | the person's cardiovascular health | the person's immune system | the person's overall health | the person's respiratory health || AB,AD,BC,BE,CD,CE,DE",DR_k1,PSEUDO,no,5,False,False,meta-llama/llama-3.3-70b-instruct,no,1,1,169,501,,Novita,stop,0.000223215,700
1057,"the amount of exercise a person does | the person's cardiovascular health | the person's immune system | the person's overall health | the person's respiratory health || AB,AD,BC,BE,CD,CE,DE",ORACLE,PSEUDO,no,5,False,False,meta-llama/llama-3.3-70b-instruct,yes,1,0,169,631,,Novita,stop,0.000275215,700
1057,"the amount of exercise a person does | the person's cardiovascular health | the person's immune system | the person's overall health | the person's respiratory health || AB,AD,BC,BE,CD,CE,DE",RAW,PSEUDO,no,5,False,False,meta-llama/llama-3.3-70b-instruct,yes,1,0,96,251,,Novita,stop,0.00011336,700
1063,"amount of exercise | body weight | caloric intake | overall health || AD,BC,CD",DR_k1,PSEUDO,no,4,True,True,meta-llama/llama-3.3-70b-instruct,no,1,1,198,135,,Novita,stop,8.073e-05,700
1063,"amount of exercise | body weight | caloric intake | overall health || AD,BC,CD",ORACLE,PSEUDO,no,4,True,True,meta-llama/llama-3.3-70b-instruct,no,1,1,199,188,,Novita,stop,0.000102065,700
1063,"amount of exercise | body weight | caloric intake | overall health || AD,BC,CD",RAW,PSEUDO,no,4,True,True,meta-llama/llama-3.3-70b-instruct,no,1,1,148,130,,Novita,stop,7.198e-05,700
1064,"humidity | temperature | weather conditions || AB,AC",DR_k1,PSEUDO,no,3,False,False,meta-llama/llama-3.3-70b-instruct,yes,1,0,139,292,,Novita,stop,0.000135565,700
1064,"humidity | temperature | weather conditions || AB,AC",ORACLE,PSEUDO,no,3,False,False,meta-llama/llama-3.3-70b-instruct,no,1,1,131,186,,Novita,stop,9.2085e-05,700
1064,"humidity | temperature | weather conditions || AB,AC",RAW,PSEUDO,no,3,False,False,meta-llama/llama-3.3-70b-instruct,no,1,1,100,106,,Novita,stop,5.59e-05,700
1065,"the availability of public transportation | the cost of fuel | the number of cars on the road || AC,BC",DR_k1,PSEUDO,no,3,False,False,meta-llama/llama-3.3-70b-instruct,no,1,1,135,238,,Novita,stop,0.000113425,700
1065,"the availability of public transportation | the cost of fuel | the number of cars on the road || AC,BC",ORACLE,PSEUDO,no,3,False,False,meta-llama/llama-3.3-70b-instruct,no,1,1,135,180,,Novita,stop,9.0225e-05,700
1065,"the availability of public transportation | the cost of fuel | the number of cars on the road || AC,BC",RAW,PSEUDO,no,3,False,False,meta-llama/llama-3.3-70b-instruct,yes,1,0,98,347,,Novita,stop,0.00015203,700
1070,"amount of rainfall | crop yield | soil moisture level | weather conditions || AC,AD,BC,CD",DR_k1,PSEUDO,no,4,False,False,meta-llama/llama-3.3-70b-instruct,no,1,1,154,488,,Novita,stop,0.00021599,700
1070,"amount of rainfall | crop yield | soil moisture level | weather conditions || AC,AD,BC,CD",ORACLE,PSEUDO,no,4,False,False,meta-llama/llama-3.3-70b-instruct,no,1,1,154,377,,Novita,stop,0.00017159,700
1070,"amount of rainfall | crop yield | soil moisture level | weather conditions || AC,AD,BC,CD",RAW,PSEUDO,no,4,False,False,meta-llama/llama-3.3-70b-instruct,no,1,1,100,450,,Novita,stop,0.0001935,700
1075,"education level | happiness level | income level | job satisfaction | life satisfaction || AC,AE,BC,BD,CD,CE,DE",DR_k1,PSEUDO,no,5,False,False,meta-llama/llama-3.3-70b-instruct,no,1,1,167,404,,Novita,stop,0.000184145,700
1075,"education level | happiness level | income level | job satisfaction | life satisfaction || AC,AE,BC,BD,CD,CE,DE",ORACLE,PSEUDO,no,5,False,False,meta-llama/llama-3.3-70b-instruct,no,1,1,167,152,,Novita,stop,8.3345e-05,700
1075,"education level | happiness level | income level | job satisfaction | life satisfaction || AC,AE,BC,BD,CD,CE,DE",RAW,PSEUDO,no,5,False,False,meta-llama/llama-3.3-70b-instruct,no,1,1,98,347,,Novita,stop,0.00015203,700
1079,"humidity | precipitation | temperature | weather conditions || AB,AC,BC,BD",DR_k1,PSEUDO,no,4,False,False,meta-llama/llama-3.3-70b-instruct,no,1,1,149,678,,Novita,stop,0.000291315,700
1079,"humidity | precipitation | temperature | weather conditions || AB,AC,BC,BD",ORACLE,PSEUDO,no,4,False,False,meta-llama/llama-3.3-70b-instruct,no,1,1,140,314,,Novita,stop,0.0001445,700
1079,"humidity | precipitation | temperature | weather conditions || AB,AC,BC,BD",RAW,PSEUDO,no,4,False,False,meta-llama/llama-3.3-70b-instruct,no,1,1,96,479,,Novita,stop,0.00020456,700
1081,"the amount of exercise a person does | the person's cardiovascular health | the person's immune system | the person's overall health | the person's respiratory health || AB,AD,BC,BE,CD,CE,DE",DR_k1,PSEUDO,yes,5,True,True,meta-llama/llama-3.3-70b-instruct,yes,1,1,219,264,,Novita,stop,0.000135165,700
1081,"the amount of exercise a person does | the person's cardiovascular health | the person's immune system | the person's overall health | the person's respiratory health || AB,AD,BC,BE,CD,CE,DE",ORACLE,PSEUDO,yes,5,True,True,meta-llama/llama-3.3-70b-instruct,yes,1,1,219,247,,Novita,stop,0.000128365,700
1081,"the amount of exercise a person does | the person's cardiovascular health | the person's immune system | the person's overall health | the person's respiratory health || AB,AD,BC,BE,CD,CE,DE",RAW,PSEUDO,yes,5,True,True,meta-llama/llama-3.3-70b-instruct,yes,1,1,144,145,,Novita,stop,7.744e-05,700
1084,"amount of exercise | caloric intake | weight loss/gain || AC,BC",DR_k1,PSEUDO,no,3,False,False,meta-llama/llama-3.3-70b-instruct,yes,1,0,140,345,,Novita,stop,0.0001569,700
1084,"amount of exercise | caloric intake | weight loss/gain || AC,BC",ORACLE,PSEUDO,no,3,False,False,meta-llama/llama-3.3-70b-instruct,no,1,1,140,173,,Novita,stop,8.81e-05,700
1084,"amount of exercise | caloric intake | weight loss/gain || AC,BC",RAW,PSEUDO,no,3,False,False,meta-llama/llama-3.3-70b-instruct,no,1,1,101,393,,Novita,stop,0.000170835,700
1086,"arrival time at work | availability of public transportation | distance from home to workplace | traffic congestion | weather condition || AC,BC,CD,ED",DR_k1,PSEUDO,no,5,False,False,meta-llama/llama-3.3-70b-instruct,no,1,1,158,166,,Novita,stop,8.773e-05,700
1086,"arrival time at work | availability of public transportation | distance from home to workplace | traffic congestion | weather condition || AC,BC,CD,ED",ORACLE,PSEUDO,no,5,False,False,meta-llama/llama-3.3-70b-instruct,no,1,1,166,249,,Novita,stop,0.00012201,700
1086,"arrival time at work | availability of public transportation | distance from home to workplace | traffic congestion | weather condition || AC,BC,CD,ED",RAW,PSEUDO,no,5,False,False,meta-llama/llama-3.3-70b-instruct,no,1,1,103,96,,Novita,stop,5.2305e-05,700
1095,"investment in advertising | number of website visits | sales revenue || AB,AC,BC",DR_k1,PSEUDO,no,3,False,False,meta-llama/llama-3.3-70b-instruct,no,1,1,139,327,,Novita,stop,0.000149565,700
1095,"investment in advertising | number of website visits | sales revenue || AB,AC,BC",ORACLE,PSEUDO,no,3,False,False,meta-llama/llama-3.3-70b-instruct,no,1,1,139,184,,Novita,stop,9.2365e-05,700
1095,"investment in advertising | number of website visits | sales revenue || AB,AC,BC",RAW,PSEUDO,no,3,False,False,meta-llama/llama-3.3-70b-instruct,yes,1,0,98,237,,Novita,stop,0.00010803,700
1096,"amount of rainfall | crop yield | groundwater level || AB,AC",DR_k1,PSEUDO,no,3,False,False,meta-llama/llama-3.3-70b-instruct,no,1,1,137,274,,Novita,stop,0.000128095,700
1096,"amount of rainfall | crop yield | groundwater level || AB,AC",ORACLE,PSEUDO,no,3,False,False,meta-llama/llama-3.3-70b-instruct,no,1,1,128,562,,Novita,stop,0.00024208,700
1096,"amount of rainfall | crop yield | groundwater level || AB,AC",RAW,PSEUDO,no,3,False,False,meta-llama/llama-3.3-70b-instruct,yes,1,0,98,303,,Novita,stop,0.00013443,700
1102,"the amount of sleep the night before the exam | the number of hours studied for an exam | the overall performance in the course | the score obtained on the exam || AB,AC,BD,CD",DR_k1,PSEUDO,no,4,True,True,meta-llama/llama-3.3-70b-instruct,no,1,1,197,316,,Novita,stop,0.000152995,700
1102,"the amount of sleep the night before the exam | the number of hours studied for an exam | the overall performance in the course | the score obtained on the exam || AB,AC,BD,CD",ORACLE,PSEUDO,no,4,True,True,meta-llama/llama-3.3-70b-instruct,no,1,1,196,167,,Novita,stop,9.326e-05,700
1102,"the amount of sleep the night before the exam | the number of hours studied for an exam | the overall performance in the course | the score obtained on the exam || AB,AC,BD,CD",RAW,PSEUDO,no,4,True,True,meta-llama/llama-3.3-70b-instruct,no,1,1,144,131,,Novita,stop,7.184e-05,700
1104,"a company | company expenses | company profit | company revenue || AB,AC,AD,BC",DR_k1,PSEUDO,no,4,False,False,meta-llama/llama-3.3-70b-instruct,no,1,1,143,248,,Novita,stop,0.000118505,700
1104,"a company | company expenses | company profit | company revenue || AB,AC,AD,BC",ORACLE,PSEUDO,no,4,False,False,meta-llama/llama-3.3-70b-instruct,no,1,1,142,557,,Novita,stop,0.00024197,700
1104,"a company | company expenses | company profit | company revenue || AB,AC,AD,BC",RAW,PSEUDO,no,4,False,False,meta-llama/llama-3.3-70b-instruct,yes,1,0,98,369,,Novita,stop,0.00016083,700
1105,"the amount of sleep the night before the exam | the exam score | the number of hours studied for an exam || AC,BC",DR_k1,PSEUDO,no,3,True,True,meta-llama/llama-3.3-70b-instruct,no,1,1,188,269,,Novita,stop,0.00013298,700
1105,"the amount of sleep the night before the exam | the exam score | the number of hours studied for an exam || AC,BC",ORACLE,PSEUDO,no,3,True,True,meta-llama/llama-3.3-70b-instruct,no,1,1,188,183,,Novita,stop,9.858e-05,700
1105,"the amount of sleep the night before the exam | the exam score | the number of hours studied for an exam || AC,BC",RAW,PSEUDO,no,3,True,True,meta-llama/llama-3.3-70b-instruct,no,1,1,149,249,,Novita,stop,0.000119715,700
1106,"job experience | job performance | level of education | salary | skills proficiency || AB,AD,AE,BC,BD,CD,CE",DR_k1,PSEUDO,yes,5,True,True,meta-llama/llama-3.3-70b-instruct,yes,1,1,215,314,,Novita,stop,0.000154625,700
1106,"job experience | job performance | level of education | salary | skills proficiency || AB,AD,AE,BC,BD,CD,CE",ORACLE,PSEUDO,yes,5,True,True,meta-llama/llama-3.3-70b-instruct,yes,1,1,215,203,,Novita,stop,0.000110225,700
1106,"job experience | job performance | level of education | salary | skills proficiency || AB,AD,AE,BC,BD,CD,CE",RAW,PSEUDO,yes,5,True,True,meta-llama/llama-3.3-70b-instruct,yes,1,1,151,168,,Novita,stop,8.7585e-05,700
1111,"whether a person eats a healthy diet | whether a person exercises regularly | whether a person has good cardiovascular health | whether a person maintains a healthy weight || AB,AD,BC,CD",DR_k1,PSEUDO,yes,4,True,True,meta-llama/llama-3.3-70b-instruct,yes,1,1,297,595,,Novita,stop,0.000278095,700
1111,"whether a person eats a healthy diet | whether a person exercises regularly | whether a person has good cardiovascular health | whether a person maintains a healthy weight || AB,AD,BC,CD",ORACLE,PSEUDO,yes,4,True,True,meta-llama/llama-3.3-70b-instruct,yes,1,1,305,582,,Novita,stop,0.000273975,700
1111,"whether a person eats a healthy diet | whether a person exercises regularly | whether a person has good cardiovascular health | whether a person maintains a healthy weight || AB,AD,BC,CD",RAW,PSEUDO,yes,4,True,True,meta-llama/llama-3.3-70b-instruct,yes,1,1,250,551,,Novita,stop,0.00025415,700
1113,"job experience | job performance | level of education | salary | skills proficiency || AB,AD,AE,BC,BD,CD,CE",DR_k1,PSEUDO,no,5,False,False,meta-llama/llama-3.3-70b-instruct,yes,1,0,162,422,,Novita,stop,0.00019067,700
1113,"job experience | job performance | level of education | salary | skills proficiency || AB,AD,AE,BC,BD,CD,CE",ORACLE,PSEUDO,no,5,False,False,meta-llama/llama-3.3-70b-instruct,no,1,1,162,407,,Novita,stop,0.00018467,700
1113,"job experience | job performance | level of education | salary | skills proficiency || AB,AD,AE,BC,BD,CD,CE",RAW,PSEUDO,no,5,False,False,meta-llama/llama-3.3-70b-instruct,no,1,1,98,178,,Novita,stop,8.443e-05,700
1116,"amount of sunlight | crop quality | crop yield | weather conditions || AC,AD,BC,BD",DR_k1,PSEUDO,no,4,True,True,meta-llama/llama-3.3-70b-instruct,no,1,1,202,288,,Novita,stop,0.00014247,700
1116,"amount of sunlight | crop quality | crop yield | weather conditions || AC,AD,BC,BD",ORACLE,PSEUDO,no,4,True,True,meta-llama/llama-3.3-70b-instruct,no,1,1,193,278,,Novita,stop,0.000137255,700
1116,"amount of sunlight | crop quality | crop yield | weather conditions || AC,AD,BC,BD",RAW,PSEUDO,no,4,True,True,meta-llama/llama-3.3-70b-instruct,no,1,1,150,157,,Novita,stop,8.305e-05,700
1119,"humidity | temperature | weather conditions || AB,AC",DR_k1,PSEUDO,no,3,False,False,meta-llama/llama-3.3-70b-instruct,no,1,1,136,104,,Novita,stop,5.996e-05,700
1119,"humidity | temperature | weather conditions || AB,AC",ORACLE,PSEUDO,no,3,False,False,meta-llama/llama-3.3-70b-instruct,no,1,1,129,72,,Novita,stop,4.6215e-05,700
1119,"humidity | temperature | weather conditions || AB,AC",RAW,PSEUDO,no,3,False,False,meta-llama/llama-3.3-70b-instruct,no,1,1,98,157,,Novita,stop,7.603e-05,700
1122,"the amount of sleep the night before the exam | the number of hours studied for an exam | the overall performance in the course | the score obtained on the exam || AB,AC,BD,CD",DR_k1,PSEUDO,no,4,False,False,meta-llama/llama-3.3-70b-instruct,yes,1,0,156,624,,Novita,stop,0.00027066,700
1122,"the amount of sleep the night before the exam | the number of hours studied for an exam | the overall performance in the course | the score obtained on the exam || AB,AC,BD,CD",ORACLE,PSEUDO,no,4,False,False,meta-llama/llama-3.3-70b-instruct,no,1,1,156,434,,Novita,stop,0.00019466,700
1122,"the amount of sleep the night before the exam | the number of hours studied for an exam | the overall performance in the course | the score obtained on the exam || AB,AC,BD,CD",RAW,PSEUDO,no,4,False,False,meta-llama/llama-3.3-70b-instruct,no,1,1,101,180,,Novita,stop,8.5635e-05,700
1127,"grade in the course | number of hours studied | overall gpa | test performance || AB,BC,CD",DR_k1,PSEUDO,no,4,False,False,meta-llama/llama-3.3-70b-instruct,no,1,1,138,409,,Novita,stop,0.00018223,700
1127,"grade in the course | number of hours studied | overall gpa | test performance || AB,BC,CD",ORACLE,PSEUDO,no,4,False,False,meta-llama/llama-3.3-70b-instruct,no,1,1,147,308,,Novita,stop,0.000143045,700
1127,"grade in the course | number of hours studied | overall gpa | test performance || AB,BC,CD",RAW,PSEUDO,no,4,False,False,meta-llama/llama-3.3-70b-instruct,no,1,1,98,250,,Novita,stop,0.00011323,700
1131,"the amount of exercise a person does | the person's cardiovascular health | the person's immune system | the person's overall health | the person's respiratory health || AB,AD,BC,BE,CD,CE,DE",DR_k1,PSEUDO,no,5,True,True,meta-llama/llama-3.3-70b-instruct,no,1,1,220,255,,Novita,stop,0.0001317,700
1131,"the amount of exercise a person does | the person's cardiovascular health | the person's immune system | the person's overall health | the person's respiratory health || AB,AD,BC,BE,CD,CE,DE",ORACLE,PSEUDO,no,5,True,True,meta-llama/llama-3.3-70b-instruct,no,1,1,221,213,,Novita,stop,0.000115035,700
1131,"the amount of exercise a person does | the person's cardiovascular health | the person's immune system | the person's overall health | the person's respiratory health || AB,AD,BC,BE,CD,CE,DE",RAW,PSEUDO,no,5,True,True,meta-llama/llama-3.3-70b-instruct,no,1,1,148,132,,Novita,stop,7.278e-05,700
1133,"credit score | income level | loan approval status | savings amount || AB,AC,AD,BD,CD",DR_k1,PSEUDO,no,4,True,True,meta-llama/llama-3.3-70b-instruct,no,1,1,207,300,,Novita,stop,0.000147945,700
1133,"credit score | income level | loan approval status | savings amount || AB,AC,AD,BD,CD",ORACLE,PSEUDO,no,4,True,True,meta-llama/llama-3.3-70b-instruct,no,1,1,207,316,,Novita,stop,0.000154345,700
1133,"credit score | income level | loan approval status | savings amount || AB,AC,AD,BD,CD",RAW,PSEUDO,no,4,True,True,meta-llama/llama-3.3-70b-instruct,no,1,1,148,141,,Novita,stop,7.638e-05,700
1140,"exam score | grade in the course | number of hours studied || AB,BC",DR_k1,PSEUDO,no,3,False,False,meta-llama/llama-3.3-70b-instruct,no,1,1,128,183,,Novita,stop,9.048e-05,700
1140,"exam score | grade in the course | number of hours studied || AB,BC",ORACLE,PSEUDO,no,3,False,False,meta-llama/llama-3.3-70b-instruct,no,1,1,136,237,,Novita,stop,0.00011316,700
1140,"exam score | grade in the course | number of hours studied || AB,BC",RAW,PSEUDO,no,3,False,False,meta-llama/llama-3.3-70b-instruct,no,1,1,98,300,,Novita,stop,0.00013323,700
1141,"the amount of sleep the student gets | the grade the student receives on a test | the number of hours a student studies | the overall academic performance of the student || AB,AD,BD,CD",DR_k1,PSEUDO,no,4,True,True,meta-llama/llama-3.3-70b-instruct,no,1,1,203,206,,Novita,stop,0.000109805,700
1141,"the amount of sleep the student gets | the grade the student receives on a test | the number of hours a student studies | the overall academic performance of the student || AB,AD,BD,CD",ORACLE,PSEUDO,no,4,True,True,meta-llama/llama-3.3-70b-instruct,no,1,1,203,257,,Novita,stop,0.000130205,700
1141,"the amount of sleep the student gets | the grade the student receives on a test | the number of hours a student studies | the overall academic performance of the student || AB,AD,BD,CD",RAW,PSEUDO,no,4,True,True,meta-llama/llama-3.3-70b-instruct,no,1,1,148,132,,Novita,stop,7.278e-05,700
1143,"job performance | level of education | salary level | years of work experience || AC,AD,BC,CD",DR_k1,PSEUDO,no,4,False,False,meta-llama/llama-3.3-70b-instruct,no,1,1,149,239,,Novita,stop,0.000115715,700
1143,"job performance | level of education | salary level | years of work experience || AC,AD,BC,CD",ORACLE,PSEUDO,no,4,False,False,meta-llama/llama-3.3-70b-instruct,no,1,1,150,269,,Novita,stop,0.00012785,700
1143,"job performance | level of education | salary level | years of work experience || AC,AD,BC,CD",RAW,PSEUDO,no,4,False,False,meta-llama/llama-3.3-70b-instruct,yes,1,0,98,233,,Novita,stop,0.00010643,700
1144,"amount of money saved | financial return on investment | investment in stocks || AB,AC,BC",DR_k1,PSEUDO,no,3,True,True,meta-llama/llama-3.3-70b-instruct,no,1,1,287,533,,Novita,stop,0.000251945,700
1144,"amount of money saved | financial return on investment | investment in stocks || AB,AC,BC",ORACLE,PSEUDO,no,3,True,True,meta-llama/llama-3.3-70b-instruct,no,1,1,286,577,,Novita,stop,0.00026941,700
1144,"amount of money saved | financial return on investment | investment in stocks || AB,AC,BC",RAW,PSEUDO,no,3,True,True,meta-llama/llama-3.3-70b-instruct,no,1,1,244,599,,Novita,stop,0.00027254,700
1146,"amount of trash left on the beach | number of people going to the beach | weather conditions || AB,AC,BC",DR_k1,PSEUDO,no,3,True,True,meta-llama/llama-3.3-70b-instruct,no,1,1,189,137,,Novita,stop,8.0315e-05,700
1146,"amount of trash left on the beach | number of people going to the beach | weather conditions || AB,AC,BC",ORACLE,PSEUDO,no,3,True,True,meta-llama/llama-3.3-70b-instruct,no,1,1,190,255,,Novita,stop,0.00012765,700
1146,"amount of trash left on the beach | number of people going to the beach | weather conditions || AB,AC,BC",RAW,PSEUDO,no,3,True,True,meta-llama/llama-3.3-70b-instruct,no,1,1,148,140,,Novita,stop,7.598e-05,700
1155,"the amount of exercise the person does | the amount of sleep a person gets | the overall health of the person | the productivity level of the person || AB,AD,BD,CD",DR_k1,PSEUDO,yes,4,True,True,meta-llama/llama-3.3-70b-instruct,yes,1,1,199,352,,Novita,stop,0.000167665,700
1155,"the amount of exercise the person does | the amount of sleep a person gets | the overall health of the person | the productivity level of the person || AB,AD,BD,CD",ORACLE,PSEUDO,yes,4,True,True,meta-llama/llama-3.3-70b-instruct,yes,1,1,199,150,,Novita,stop,8.6865e-05,700
1155,"the amount of exercise the person does | the amount of sleep a person gets | the overall health of the person | the productivity level of the person || AB,AD,BD,CD",RAW,PSEUDO,yes,4,True,True,meta-llama/llama-3.3-70b-instruct,yes,1,1,144,183,,Novita,stop,9.264e-05,700
1161,"whether a person is exposed to a contagious disease | whether the person receives appropriate treatment | whether the person recovers from the disease | whether the person seeks medical attention | whether the person shows symptoms of the disease || AB,AE,BC,BD,CD,CE,DE",DR_k1,PSEUDO,no,5,True,True,meta-llama/llama-3.3-70b-instruct,no,1,1,221,351,,Novita,stop,0.000170235,700
1161,"whether a person is exposed to a contagious disease | whether the person receives appropriate treatment | whether the person recovers from the disease | whether the person seeks medical attention | whether the person shows symptoms of the disease || AB,AE,BC,BD,CD,CE,DE",ORACLE,PSEUDO,no,5,True,True,meta-llama/llama-3.3-70b-instruct,no,1,1,221,258,,Novita,stop,0.000133035,700
1161,"whether a person is exposed to a contagious disease | whether the person receives appropriate treatment | whether the person recovers from the disease | whether the person seeks medical attention | whether the person shows symptoms of the disease || AB,AE,BC,BD,CD,CE,DE",RAW,PSEUDO,no,5,True,True,meta-llama/llama-3.3-70b-instruct,no,1,1,148,147,,Novita,stop,7.878e-05,700
1162,"the amount of water poured | the growth rate of plants | the weather condition || AC,BC",DR_k1,PSEUDO,no,3,False,False,meta-llama/llama-3.3-70b-instruct,no,1,1,136,342,,Novita,stop,0.00015516,700
1162,"the amount of water poured | the growth rate of plants | the weather condition || AC,BC",ORACLE,PSEUDO,no,3,False,False,meta-llama/llama-3.3-70b-instruct,no,1,1,135,262,,Novita,stop,0.000123025,700
1162,"the amount of water poured | the growth rate of plants | the weather condition || AC,BC",RAW,PSEUDO,no,3,False,False,meta-llama/llama-3.3-70b-instruct,no,1,1,98,89,,Novita,stop,4.883e-05,700
1165,"crop yield | humidity | rainfall | temperature || AB,AC,AD,BC,CD",DR_k1,PSEUDO,yes,4,True,True,meta-llama/llama-3.3-70b-instruct,yes,1,1,204,184,,Novita,stop,0.00010114,700
1165,"crop yield | humidity | rainfall | temperature || AB,AC,AD,BC,CD",ORACLE,PSEUDO,yes,4,True,True,meta-llama/llama-3.3-70b-instruct,yes,1,1,205,208,,Novita,stop,0.000110875,700
1165,"crop yield | humidity | rainfall | temperature || AB,AC,AD,BC,CD",RAW,PSEUDO,yes,4,True,True,meta-llama/llama-3.3-70b-instruct,yes,1,1,148,133,,Novita,stop,7.318e-05,700
1167,"amount of exercise | overall health condition | physical fitness level || AB,AC",DR_k1,PSEUDO,yes,3,True,True,meta-llama/llama-3.3-70b-instruct,yes,1,1,187,566,,Novita,stop,0.000251645,700
1167,"amount of exercise | overall health condition | physical fitness level || AB,AC",ORACLE,PSEUDO,yes,3,True,True,meta-llama/llama-3.3-70b-instruct,yes,1,1,179,162,,Novita,stop,8.8965e-05,700
1167,"amount of exercise | overall health condition | physical fitness level || AB,AC",RAW,PSEUDO,yes,3,True,True,meta-llama/llama-3.3-70b-instruct,yes,1,1,148,133,,Novita,stop,7.318e-05,700
1168,"the final grade of the student | whether a student studies for an exam | whether the student is well-prepared | whether the student performs well on the exam | whether the student understands the material || AB,AC,AD,BC,BD,BE,CD,DE",DR_k1,PSEUDO,no,5,False,False,meta-llama/llama-3.3-70b-instruct,no,1,1,164,588,,Novita,stop,0.00025734,700
1168,"the final grade of the student | whether a student studies for an exam | whether the student is well-prepared | whether the student performs well on the exam | whether the student understands the material || AB,AC,AD,BC,BD,BE,CD,DE",ORACLE,PSEUDO,no,5,False,False,meta-llama/llama-3.3-70b-instruct,no,1,1,172,447,,Novita,stop,0.00020202,700
1168,"the final grade of the student | whether a student studies for an exam | whether the student is well-prepared | whether the student performs well on the exam | whether the student understands the material || AB,AC,AD,BC,BD,BE,CD,DE",RAW,PSEUDO,no,5,False,False,meta-llama/llama-3.3-70b-instruct,no,1,1,98,231,,Novita,stop,0.00010563,700
1169,"education level | happiness level | income level | job performance || AB,AC,BD,CD",DR_k1,PSEUDO,no,4,True,True,meta-llama/llama-3.3-70b-instruct,no,1,1,290,575,,Novita,stop,0.00026915,700
1169,"education level | happiness level | income level | job performance || AB,AC,BD,CD",ORACLE,PSEUDO,no,4,True,True,meta-llama/llama-3.3-70b-instruct,no,1,1,290,520,,Novita,stop,0.00024715,700
1169,"education level | happiness level | income level | job performance || AB,AC,BD,CD",RAW,PSEUDO,no,4,True,True,meta-llama/llama-3.3-70b-instruct,no,1,1,238,538,,Novita,stop,0.00024733,700
1170,"amount of money saved | financial return on investment | investment in stocks || AB,AC,BC",DR_k1,PSEUDO,no,3,False,False,meta-llama/llama-3.3-70b-instruct,no,1,1,141,157,,Novita,stop,8.1835e-05,700
1170,"amount of money saved | financial return on investment | investment in stocks || AB,AC,BC",ORACLE,PSEUDO,no,3,False,False,meta-llama/llama-3.3-70b-instruct,no,1,1,141,366,,Novita,stop,0.000165435,700
1170,"amount of money saved | financial return on investment | investment in stocks || AB,AC,BC",RAW,PSEUDO,no,3,False,False,meta-llama/llama-3.3-70b-instruct,yes,1,0,98,513,,Novita,stop,0.00021843,700
1171,"crop yield | economic growth | humidity level | profit of farmers | weather conditions || AB,AC,BC,BD,CD,DE",DR_k1,PSEUDO,no,5,False,False,meta-llama/llama-3.3-70b-instruct,no,1,1,166,460,,Novita,stop,0.00020641,700
1171,"crop yield | economic growth | humidity level | profit of farmers | weather conditions || AB,AC,BC,BD,CD,DE",ORACLE,PSEUDO,no,5,False,False,meta-llama/llama-3.3-70b-instruct,no,1,1,166,402,,Novita,stop,0.00018321,700
1171,"crop yield | economic growth | humidity level | profit of farmers | weather conditions || AB,AC,BC,BD,CD,DE",RAW,PSEUDO,no,5,False,False,meta-llama/llama-3.3-70b-instruct,yes,1,0,98,238,,Novita,stop,0.00010843,700
1173,"the amount of exercise a person does | the person's cardiovascular health | the person's immune system | the person's overall health | the person's respiratory health || AB,AD,BC,BE,CD,CE,DE",DR_k1,PSEUDO,no,5,True,True,meta-llama/llama-3.3-70b-instruct,no,1,1,215,275,,Novita,stop,0.000139025,700
1173,"the amount of exercise a person does | the person's cardiovascular health | the person's immune system | the person's overall health | the person's respiratory health || AB,AD,BC,BE,CD,CE,DE",ORACLE,PSEUDO,no,5,True,True,meta-llama/llama-3.3-70b-instruct,no,1,1,215,293,,Novita,stop,0.000146225,700
1173,"the amount of exercise a person does | the person's cardiovascular health | the person's immune system | the person's overall health | the person's respiratory health || AB,AD,BC,BE,CD,CE,DE",RAW,PSEUDO,no,5,True,True,meta-llama/llama-3.3-70b-instruct,no,1,1,144,135,,Novita,stop,7.344e-05,700
1178,"grade in the course | number of hours studied | overall gpa | test performance || AB,BC,CD",DR_k1,PSEUDO,no,4,True,True,meta-llama/llama-3.3-70b-instruct,no,1,1,193,268,,Novita,stop,0.000133255,700
1178,"grade in the course | number of hours studied | overall gpa | test performance || AB,BC,CD",ORACLE,PSEUDO,no,4,True,True,meta-llama/llama-3.3-70b-instruct,no,1,1,192,188,,Novita,stop,0.00010112,700
1178,"grade in the course | number of hours studied | overall gpa | test performance || AB,BC,CD",RAW,PSEUDO,no,4,True,True,meta-llama/llama-3.3-70b-instruct,no,1,1,144,192,,Novita,stop,9.624e-05,700
1179,"education level | happiness level | income level | job performance || AB,AC,BD,CD",DR_k1,PSEUDO,no,4,True,True,meta-llama/llama-3.3-70b-instruct,no,1,1,197,265,,Novita,stop,0.000132595,700
1179,"education level | happiness level | income level | job performance || AB,AC,BD,CD",ORACLE,PSEUDO,no,4,True,True,meta-llama/llama-3.3-70b-instruct,no,1,1,196,212,,Novita,stop,0.00011126,700
1179,"education level | happiness level | income level | job performance || AB,AC,BD,CD",RAW,PSEUDO,no,4,True,True,meta-llama/llama-3.3-70b-instruct,no,1,1,144,149,,Novita,stop,7.904e-05,700
1181,"child's education level | child's health status | child's social skills | parents' income || AB,AC,AD",DR_k1,PSEUDO,no,4,False,False,meta-llama/llama-3.3-70b-instruct,no,1,1,139,173,,Novita,stop,8.7965e-05,700
1181,"child's education level | child's health status | child's social skills | parents' income || AB,AC,AD",ORACLE,PSEUDO,no,4,False,False,meta-llama/llama-3.3-70b-instruct,no,1,1,131,120,,Novita,stop,6.5685e-05,700
1181,"child's education level | child's health status | child's social skills | parents' income || AB,AC,AD",RAW,PSEUDO,no,4,False,False,meta-llama/llama-3.3-70b-instruct,no,1,1,98,147,,Novita,stop,7.203e-05,700
1188,"humidity level | probability of flooding | probability of rain | weather conditions || AB,AC,BC,BD",DR_k1,PSEUDO,no,4,False,False,meta-llama/llama-3.3-70b-instruct,yes,1,0,140,185,,Novita,stop,9.29e-05,700
1188,"humidity level | probability of flooding | probability of rain | weather conditions || AB,AC,BC,BD",ORACLE,PSEUDO,no,4,False,False,meta-llama/llama-3.3-70b-instruct,no,1,1,140,175,,Novita,stop,8.89e-05,700
1188,"humidity level | probability of flooding | probability of rain | weather conditions || AB,AC,BC,BD",RAW,PSEUDO,no,4,False,False,meta-llama/llama-3.3-70b-instruct,yes,1,0,96,314,,Novita,stop,0.00013856,700
1189,"the availability of public transportation | the cost of fuel | the number of cars on the road || AC,BC",DR_k1,PSEUDO,no,3,False,False,meta-llama/llama-3.3-70b-instruct,no,1,1,137,94,,Novita,stop,5.6095e-05,700
1189,"the availability of public transportation | the cost of fuel | the number of cars on the road || AC,BC",ORACLE,PSEUDO,no,3,False,False,meta-llama/llama-3.3-70b-instruct,no,1,1,137,121,,Novita,stop,6.6895e-05,700
1189,"the availability of public transportation | the cost of fuel | the number of cars on the road || AC,BC",RAW,PSEUDO,no,3,False,False,meta-llama/llama-3.3-70b-instruct,no,1,1,98,163,,Novita,stop,7.843e-05,700
1190,"job experience | job performance | level of education | salary | skills proficiency || AB,AD,AE,BC,BD,CD,CE",DR_k1,PSEUDO,no,5,False,False,meta-llama/llama-3.3-70b-instruct,no,1,1,166,546,,Novita,stop,0.00024081,700
1190,"job experience | job performance | level of education | salary | skills proficiency || AB,AD,AE,BC,BD,CD,CE",ORACLE,PSEUDO,no,5,False,False,meta-llama/llama-3.3-70b-instruct,no,1,1,165,136,,Novita,stop,7.6675e-05,700
1190,"job experience | job performance | level of education | salary | skills proficiency || AB,AD,AE,BC,BD,CD,CE",RAW,PSEUDO,no,5,False,False,meta-llama/llama-3.3-70b-instruct,no,1,1,100,153,,Novita,stop,7.47e-05,700
1191,"amount of rainfall | growth rate of plants | water level in a nearby river || AB,AC",DR_k1,PSEUDO,no,3,False,False,meta-llama/llama-3.3-70b-instruct,no,1,1,132,388,,Novita,stop,0.00017302,700
1191,"amount of rainfall | growth rate of plants | water level in a nearby river || AB,AC",ORACLE,PSEUDO,no,3,False,False,meta-llama/llama-3.3-70b-instruct,no,1,1,124,72,,Novita,stop,4.554e-05,700
1191,"amount of rainfall | growth rate of plants | water level in a nearby river || AB,AC",RAW,PSEUDO,no,3,False,False,meta-llama/llama-3.3-70b-instruct,yes,1,0,96,449,,Novita,stop,0.00019256,700
1193,"customer satisfaction | product quality | revenue | sales || AC,BC,CD",DR_k1,PSEUDO,no,4,False,False,meta-llama/llama-3.3-70b-instruct,no,1,1,141,224,,Novita,stop,0.000108635,700
1193,"customer satisfaction | product quality | revenue | sales || AC,BC,CD",ORACLE,PSEUDO,no,4,False,False,meta-llama/llama-3.3-70b-instruct,no,1,1,149,267,,Novita,stop,0.000126915,700
1193,"customer satisfaction | product quality | revenue | sales || AC,BC,CD",RAW,PSEUDO,no,4,False,False,meta-llama/llama-3.3-70b-instruct,yes,1,0,98,303,,Novita,stop,0.00013443,700
1202,"the grade achieved in an exam | the likelihood of getting a scholarship | the likelihood of getting admitted to a university | the number of hours spent studying || AB,BC,BD",DR_k1,PSEUDO,no,4,False,False,meta-llama/llama-3.3-70b-instruct,no,1,1,134,75,,Novita,stop,4.809e-05,700
1202,"the grade achieved in an exam | the likelihood of getting a scholarship | the likelihood of getting admitted to a university | the number of hours spent studying || AB,BC,BD",ORACLE,PSEUDO,no,4,False,False,meta-llama/llama-3.3-70b-instruct,no,1,1,142,109,,Novita,stop,6.277e-05,700
1202,"the grade achieved in an exam | the likelihood of getting a scholarship | the likelihood of getting admitted to a university | the number of hours spent studying || AB,BC,BD",RAW,PSEUDO,no,4,False,False,meta-llama/llama-3.3-70b-instruct,no,1,1,100,80,,Novita,stop,4.55e-05,700
1204,"first-born child | parent | second-born child | third-born child || AB,AC,AD,BC,BD",DR_k1,PSEUDO,no,4,True,True,meta-llama/llama-3.3-70b-instruct,no,1,1,195,174,,Novita,stop,9.5925e-05,700
1204,"first-born child | parent | second-born child | third-born child || AB,AC,AD,BC,BD",ORACLE,PSEUDO,no,4,True,True,meta-llama/llama-3.3-70b-instruct,no,1,1,195,301,,Novita,stop,0.000146725,700
1204,"first-born child | parent | second-born child | third-born child || AB,AC,AD,BC,BD",RAW,PSEUDO,no,4,True,True,meta-llama/llama-3.3-70b-instruct,no,1,1,148,236,,Novita,stop,0.00011438,700
1206,"education level | income level | job satisfaction | quality of life || AC,AD,BC,BD,CD",DR_k1,PSEUDO,no,4,False,False,meta-llama/llama-3.3-70b-instruct,no,1,1,159,356,,Novita,stop,0.000163865,700
1206,"education level | income level | job satisfaction | quality of life || AC,AD,BC,BD,CD",ORACLE,PSEUDO,no,4,False,False,meta-llama/llama-3.3-70b-instruct,no,1,1,159,532,,Novita,stop,0.000234265,700
1206,"education level | income level | job satisfaction | quality of life || AC,AD,BC,BD,CD",RAW,PSEUDO,no,4,False,False,meta-llama/llama-3.3-70b-instruct,no,1,1,100,177,,Novita,stop,8.43e-05,700
1209,"the amount of time spent studying | the final grade in the course | the level of understanding of the subject | the test score obtained || AB,AC,BC,BD,CD",DR_k1,PSEUDO,no,4,False,False,meta-llama/llama-3.3-70b-instruct,no,1,1,157,275,,Novita,stop,0.000131195,700
1209,"the amount of time spent studying | the final grade in the course | the level of understanding of the subject | the test score obtained || AB,AC,BC,BD,CD",ORACLE,PSEUDO,no,4,False,False,meta-llama/llama-3.3-70b-instruct,no,1,1,158,194,,Novita,stop,9.893e-05,700
1209,"the amount of time spent studying | the final grade in the course | the level of understanding of the subject | the test score obtained || AB,AC,BC,BD,CD",RAW,PSEUDO,no,4,False,False,meta-llama/llama-3.3-70b-instruct,no,1,1,101,174,,Novita,stop,8.3235e-05,700
1219,"amount of rainfall | humidity | temperature | weather conditions || AB,AC,AD,BC,CD",DR_k1,PSEUDO,yes,4,True,True,meta-llama/llama-3.3-70b-instruct,yes,1,1,301,583,,Novita,stop,0.000273835,700
1219,"amount of rainfall | humidity | temperature | weather conditions || AB,AC,AD,BC,CD",ORACLE,PSEUDO,yes,4,True,True,meta-llama/llama-3.3-70b-instruct,yes,1,1,301,569,,Novita,stop,0.000268235,700
1219,"amount of rainfall | humidity | temperature | weather conditions || AB,AC,AD,BC,CD",RAW,PSEUDO,yes,4,True,True,meta-llama/llama-3.3-70b-instruct,yes,1,1,244,435,,Novita,stop,0.00020694,700
1222,"education level | happiness level | income level | job satisfaction | life satisfaction || AC,AE,BC,BD,CD,CE,DE",DR_k1,PSEUDO,yes,5,True,True,meta-llama/llama-3.3-70b-instruct,yes,1,1,219,137,,Novita,stop,8.4365e-05,700
1222,"education level | happiness level | income level | job satisfaction | life satisfaction || AC,AE,BC,BD,CD,CE,DE",ORACLE,PSEUDO,yes,5,True,True,meta-llama/llama-3.3-70b-instruct,yes,1,1,220,137,,Novita,stop,8.45e-05,700
1222,"education level | happiness level | income level | job satisfaction | life satisfaction || AC,AE,BC,BD,CD,CE,DE",RAW,PSEUDO,yes,5,True,True,meta-llama/llama-3.3-70b-instruct,yes,1,1,151,188,,Novita,stop,9.5585e-05,700
1224,"the amount of sleep the student gets | the grade the student receives on a test | the number of hours a student studies | the overall academic performance of the student || AB,AD,BD,CD",DR_k1,PSEUDO,no,4,False,False,meta-llama/llama-3.3-70b-instruct,no,1,1,150,447,,Novita,stop,0.00019905,700
1224,"the amount of sleep the student gets | the grade the student receives on a test | the number of hours a student studies | the overall academic performance of the student || AB,AD,BD,CD",ORACLE,PSEUDO,no,4,False,False,meta-llama/llama-3.3-70b-instruct,no,1,1,150,311,,Novita,stop,0.00014465,700
1224,"the amount of sleep the student gets | the grade the student receives on a test | the number of hours a student studies | the overall academic performance of the student || AB,AD,BD,CD",RAW,PSEUDO,no,4,False,False,meta-llama/llama-3.3-70b-instruct,no,1,1,98,175,,Novita,stop,8.323e-05,700
1226,"patient's diet | patient's exercise habits | patient's life expectancy | patient's overall health | patient's stress levels || AD,BD,CD,DE",DR_k1,PSEUDO,no,5,False,False,meta-llama/llama-3.3-70b-instruct,yes,1,0,150,306,,Novita,stop,0.00014265,700
1226,"patient's diet | patient's exercise habits | patient's life expectancy | patient's overall health | patient's stress levels || AD,BD,CD,DE",ORACLE,PSEUDO,no,5,False,False,meta-llama/llama-3.3-70b-instruct,no,1,1,158,224,,Novita,stop,0.00011093,700
1226,"patient's diet | patient's exercise habits | patient's life expectancy | patient's overall health | patient's stress levels || AD,BD,CD,DE",RAW,PSEUDO,no,5,False,False,meta-llama/llama-3.3-70b-instruct,yes,1,0,98,448,,Novita,stop,0.00019243,700
1229,"the amount of rainfall | the amount of water in a reservoir | the availability of drinking water | the water level in a river || AB,AD,BC,BD,CD",DR_k1,PSEUDO,no,4,True,True,meta-llama/llama-3.3-70b-instruct,no,1,1,198,295,,Novita,stop,0.00014473,700
1229,"the amount of rainfall | the amount of water in a reservoir | the availability of drinking water | the water level in a river || AB,AD,BC,BD,CD",ORACLE,PSEUDO,no,4,True,True,meta-llama/llama-3.3-70b-instruct,no,1,1,199,231,,Novita,stop,0.000119265,700
1229,"the amount of rainfall | the amount of water in a reservoir | the availability of drinking water | the water level in a river || AB,AD,BC,BD,CD",RAW,PSEUDO,no,4,True,True,meta-llama/llama-3.3-70b-instruct,no,1,1,144,150,,Novita,stop,7.944e-05,700
1231,"whether a person is exposed to a contagious disease | whether the person receives appropriate treatment | whether the person recovers from the disease | whether the person seeks medical attention | whether the person shows symptoms of the disease || AB,AE,BC,BD,CD,CE,DE",DR_k1,PSEUDO,no,5,False,False,meta-llama/llama-3.3-70b-instruct,no,1,1,167,294,,Novita,stop,0.000140145,700
1231,"whether a person is exposed to a contagious disease | whether the person receives appropriate treatment | whether the person recovers from the disease | whether the person seeks medical attention | whether the person shows symptoms of the disease || AB,AE,BC,BD,CD,CE,DE",ORACLE,PSEUDO,no,5,False,False,meta-llama/llama-3.3-70b-instruct,no,1,1,168,413,,Novita,stop,0.00018788,700
1231,"whether a person is exposed to a contagious disease | whether the person receives appropriate treatment | whether the person recovers from the disease | whether the person seeks medical attention | whether the person shows symptoms of the disease || AB,AE,BC,BD,CD,CE,DE",RAW,PSEUDO,no,5,False,False,meta-llama/llama-3.3-70b-instruct,yes,1,0,96,307,,Novita,stop,0.00013576,700
1232,"student's attendance in class | student's final grade in the course | student's performance on exams || AB,BC",DR_k1,PSEUDO,yes,3,True,True,meta-llama/llama-3.3-70b-instruct,yes,1,1,170,149,,Novita,stop,8.255e-05,700
1232,"student's attendance in class | student's final grade in the course | student's performance on exams || AB,BC",ORACLE,PSEUDO,yes,3,True,True,meta-llama/llama-3.3-70b-instruct,yes,1,1,177,149,,Novita,stop,8.3495e-05,700
1232,"student's attendance in class | student's final grade in the course | student's performance on exams || AB,BC",RAW,PSEUDO,yes,3,True,True,meta-llama/llama-3.3-70b-instruct,yes,1,1,140,149,,Novita,stop,7.85e-05,700
1234,"the amount of exercise the person does | the amount of sleep a person gets | the overall health of the person | the productivity level of the person || AB,AD,BD,CD",DR_k1,PSEUDO,no,4,False,False,meta-llama/llama-3.3-70b-instruct,no,1,1,149,387,,Novita,stop,0.000174915,700
1234,"the amount of exercise the person does | the amount of sleep a person gets | the overall health of the person | the productivity level of the person || AB,AD,BD,CD",ORACLE,PSEUDO,no,4,False,False,meta-llama/llama-3.3-70b-instruct,no,1,1,150,298,,Novita,stop,0.00013945,700
1234,"the amount of exercise the person does | the amount of sleep a person gets | the overall health of the person | the productivity level of the person || AB,AD,BD,CD",RAW,PSEUDO,no,4,False,False,meta-llama/llama-3.3-70b-instruct,no,1,1,96,200,,Novita,stop,9.296e-05,700
1236,"crop growth | harvest yield | temperature || AB,BC",DR_k1,PSEUDO,no,3,False,False,meta-llama/llama-3.3-70b-instruct,yes,1,0,134,372,,Novita,stop,0.00016689,700
1236,"crop growth | harvest yield | temperature || AB,BC",ORACLE,PSEUDO,no,3,False,False,meta-llama/llama-3.3-70b-instruct,no,1,1,134,223,,Novita,stop,0.00010729,700
1236,"crop growth | harvest yield | temperature || AB,BC",RAW,PSEUDO,no,3,False,False,meta-llama/llama-3.3-70b-instruct,yes,1,0,97,332,,Novita,stop,0.000145895,700
1237,"job experience | job performance | level of education | salary || AB,AD,BC,BD,CD",DR_k1,PSEUDO,no,4,False,False,meta-llama/llama-3.3-70b-instruct,yes,1,0,153,222,,Novita,stop,0.000109455,700
1237,"job experience | job performance | level of education | salary || AB,AD,BC,BD,CD",ORACLE,PSEUDO,no,4,False,False,meta-llama/llama-3.3-70b-instruct,no,1,1,154,440,,Novita,stop,0.00019679,700
1237,"job experience | job performance | level of education | salary || AB,AD,BC,BD,CD",RAW,PSEUDO,no,4,False,False,meta-llama/llama-3.3-70b-instruct,yes,1,0,98,357,,Novita,stop,0.00015603,700
1240,"humidity | temperature | weather conditions || AB,AC",DR_k1,PSEUDO,no,3,False,False,meta-llama/llama-3.3-70b-instruct,no,1,1,139,256,,Novita,stop,0.000121165,700
1240,"humidity | temperature | weather conditions || AB,AC",ORACLE,PSEUDO,no,3,False,False,meta-llama/llama-3.3-70b-instruct,no,1,1,131,143,,Novita,stop,7.4885e-05,700
1240,"humidity | temperature | weather conditions || AB,AC",RAW,PSEUDO,no,3,False,False,meta-llama/llama-3.3-70b-instruct,no,1,1,100,123,,Novita,stop,6.27e-05,700
1242,"access to educational resources | career success | child's education level | parent's income || AB,AD,BC",DR_k1,PSEUDO,no,4,False,False,meta-llama/llama-3.3-70b-instruct,no,1,1,142,187,,Novita,stop,9.397e-05,700
1242,"access to educational resources | career success | child's education level | parent's income || AB,AD,BC",ORACLE,PSEUDO,no,4,False,False,meta-llama/llama-3.3-70b-instruct,no,1,1,142,220,,Novita,stop,0.00010717,700
1242,"access to educational resources | career success | child's education level | parent's income || AB,AD,BC",RAW,PSEUDO,no,4,False,False,meta-llama/llama-3.3-70b-instruct,no,1,1,100,209,,Novita,stop,9.71e-05,700
1243,"crop growth | harvest yield | temperature || AB,BC",DR_k1,PSEUDO,no,3,False,False,meta-llama/llama-3.3-70b-instruct,no,1,1,128,435,,Novita,stop,0.00019128,700
1243,"crop growth | harvest yield | temperature || AB,BC",ORACLE,PSEUDO,no,3,False,False,meta-llama/llama-3.3-70b-instruct,no,1,1,136,145,,Novita,stop,7.636e-05,700
1243,"crop growth | harvest yield | temperature || AB,BC",RAW,PSEUDO,no,3,False,False,meta-llama/llama-3.3-70b-instruct,no,1,1,98,66,,Novita,stop,3.963e-05,700
1247,"academic performance | amount of sleep obtained | number of hours spent studying || AC,BC",DR_k1,PSEUDO,no,3,False,False,meta-llama/llama-3.3-70b-instruct,yes,1,0,135,116,,Novita,stop,6.4625e-05,700
1247,"academic performance | amount of sleep obtained | number of hours spent studying || AC,BC",ORACLE,PSEUDO,no,3,False,False,meta-llama/llama-3.3-70b-instruct,no,1,1,135,126,,Novita,stop,6.8625e-05,700
1247,"academic performance | amount of sleep obtained | number of hours spent studying || AC,BC",RAW,PSEUDO,no,3,False,False,meta-llama/llama-3.3-70b-instruct,no,1,1,98,316,,Novita,stop,0.00013963,700
1255,"crop yield | the amount of rainfall | the soil moisture level || AB,AC,BC",DR_k1,PSEUDO,no,3,False,False,meta-llama/llama-3.3-70b-instruct,yes,1,0,143,434,,Novita,stop,0.000192905,700
1255,"crop yield | the amount of rainfall | the soil moisture level || AB,AC,BC",ORACLE,PSEUDO,no,3,False,False,meta-llama/llama-3.3-70b-instruct,no,1,1,143,279,,Novita,stop,0.000130905,700
1255,"crop yield | the amount of rainfall | the soil moisture level || AB,AC,BC",RAW,PSEUDO,no,3,False,False,meta-llama/llama-3.3-70b-instruct,yes,1,0,100,321,,Novita,stop,0.0001419,700
1258,"business owner | number of employees | profit | revenue || AB,AC,AD,BC,BD,CD",DR_k1,PSEUDO,no,4,False,False,meta-llama/llama-3.3-70b-instruct,no,1,1,161,257,,Novita,stop,0.000124535,700
1258,"business owner | number of employees | profit | revenue || AB,AC,AD,BC,BD,CD",ORACLE,PSEUDO,no,4,False,False,meta-llama/llama-3.3-70b-instruct,no,1,1,161,252,,Novita,stop,0.000122535,700
1258,"business owner | number of employees | profit | revenue || AB,AC,AD,BC,BD,CD",RAW,PSEUDO,no,4,False,False,meta-llama/llama-3.3-70b-instruct,yes,1,0,98,334,,Novita,stop,0.00014683,700
1259,"access to educational resources | career success | child's education level | parent's income || AB,AD,BC",DR_k1,PSEUDO,no,4,False,False,meta-llama/llama-3.3-70b-instruct,no,1,1,151,184,,Novita,stop,9.3985e-05,700
1259,"access to educational resources | career success | child's education level | parent's income || AB,AD,BC",ORACLE,PSEUDO,no,4,False,False,meta-llama/llama-3.3-70b-instruct,no,1,1,143,180,,Novita,stop,9.1305e-05,700
1259,"access to educational resources | career success | child's education level | parent's income || AB,AD,BC",RAW,PSEUDO,no,4,False,False,meta-llama/llama-3.3-70b-instruct,yes,1,0,100,319,,Novita,stop,0.0001411,700
1268,"education level | happiness level | income level | job performance || AB,AC,BD,CD",DR_k1,PSEUDO,yes,4,True,True,meta-llama/llama-3.3-70b-instruct,yes,1,1,305,541,,Novita,stop,0.000257575,700
1268,"education level | happiness level | income level | job performance || AB,AC,BD,CD",ORACLE,PSEUDO,yes,4,True,True,meta-llama/llama-3.3-70b-instruct,yes,1,1,304,646,,Novita,stop,0.00029944,700
1268,"education level | happiness level | income level | job performance || AB,AC,BD,CD",RAW,PSEUDO,yes,4,True,True,meta-llama/llama-3.3-70b-instruct,yes,1,1,250,562,,Novita,stop,0.00025855,700
1271,"amount of money saved | financial return on investment | investment in stocks || AB,AC,BC",DR_k1,PSEUDO,no,3,False,False,meta-llama/llama-3.3-70b-instruct,yes,1,0,137,129,,Novita,stop,7.0095e-05,700
1271,"amount of money saved | financial return on investment | investment in stocks || AB,AC,BC",ORACLE,PSEUDO,no,3,False,False,meta-llama/llama-3.3-70b-instruct,no,1,1,138,137,,Novita,stop,7.343e-05,700
1271,"amount of money saved | financial return on investment | investment in stocks || AB,AC,BC",RAW,PSEUDO,no,3,False,False,meta-llama/llama-3.3-70b-instruct,no,1,1,98,267,,Novita,stop,0.00012003,700
1272,"patient's diet | patient's exercise habits | patient's life expectancy | patient's overall health | patient's stress levels || AD,BD,CD,DE",DR_k1,PSEUDO,no,5,False,False,meta-llama/llama-3.3-70b-instruct,yes,1,0,153,446,,Novita,stop,0.000199055,700
1272,"patient's diet | patient's exercise habits | patient's life expectancy | patient's overall health | patient's stress levels || AD,BD,CD,DE",ORACLE,PSEUDO,no,5,False,False,meta-llama/llama-3.3-70b-instruct,no,1,1,161,299,,Novita,stop,0.000141335,700
1272,"patient's diet | patient's exercise habits | patient's life expectancy | patient's overall health | patient's stress levels || AD,BD,CD,DE",RAW,PSEUDO,no,5,False,False,meta-llama/llama-3.3-70b-instruct,yes,1,0,98,197,,Novita,stop,9.203e-05,700
1277,"the amount of exercise a person does per week | the person's physical fitness level | the person's risk of developing chronic diseases || AB,AC",DR_k1,PSEUDO,no,3,False,False,meta-llama/llama-3.3-70b-instruct,yes,1,0,136,296,,Novita,stop,0.00013676,700
1277,"the amount of exercise a person does per week | the person's physical fitness level | the person's risk of developing chronic diseases || AB,AC",ORACLE,PSEUDO,no,3,False,False,meta-llama/llama-3.3-70b-instruct,yes,1,0,128,196,,Novita,stop,9.568e-05,700
1277,"the amount of exercise a person does per week | the person's physical fitness level | the person's risk of developing chronic diseases || AB,AC",RAW,PSEUDO,no,3,False,False,meta-llama/llama-3.3-70b-instruct,no,1,1,98,250,,Novita,stop,0.00011323,700
1279,"education level | happiness level | income level | job satisfaction | life satisfaction || AC,AE,BC,BD,CD,CE,DE",DR_k1,PSEUDO,no,5,False,False,meta-llama/llama-3.3-70b-instruct,no,1,1,171,284,,Novita,stop,0.000136685,700
1279,"education level | happiness level | income level | job satisfaction | life satisfaction || AC,AE,BC,BD,CD,CE,DE",ORACLE,PSEUDO,no,5,False,False,meta-llama/llama-3.3-70b-instruct,no,1,1,171,252,,Novita,stop,0.000123885,700
1279,"education level | happiness level | income level | job satisfaction | life satisfaction || AC,AE,BC,BD,CD,CE,DE",RAW,PSEUDO,no,5,False,False,meta-llama/llama-3.3-70b-instruct,no,1,1,100,229,,Novita,stop,0.0001051,700
1281,"whether a person is exposed to a contagious disease | whether the person receives appropriate treatment | whether the person recovers from the disease | whether the person seeks medical attention | whether the person shows symptoms of the disease || AB,AE,BC,BD,CD,CE,DE",DR_k1,PSEUDO,yes,5,True,True,meta-llama/llama-3.3-70b-instruct,yes,1,1,219,257,,Novita,stop,0.000132365,700
1281,"whether a person is exposed to a contagious disease | whether the person receives appropriate treatment | whether the person recovers from the disease | whether the person seeks medical attention | whether the person shows symptoms of the disease || AB,AE,BC,BD,CD,CE,DE",ORACLE,PSEUDO,yes,5,True,True,meta-llama/llama-3.3-70b-instruct,yes,1,1,218,167,,Novita,stop,9.623e-05,700
1281,"whether a person is exposed to a contagious disease | whether the person receives appropriate treatment | whether the person recovers from the disease | whether the person seeks medical attention | whether the person shows symptoms of the disease || AB,AE,BC,BD,CD,CE,DE",RAW,PSEUDO,yes,5,True,True,meta-llama/llama-3.3-70b-instruct,yes,1,1,144,162,,Novita,stop,8.424e-05,700
1282,"a company | company expenses | company profit | company revenue || AB,AC,AD,BC",DR_k1,PSEUDO,no,4,False,False,meta-llama/llama-3.3-70b-instruct,no,1,1,142,367,,Novita,stop,0.00016597,700
1282,"a company | company expenses | company profit | company revenue || AB,AC,AD,BC",ORACLE,PSEUDO,no,4,False,False,meta-llama/llama-3.3-70b-instruct,no,1,1,143,301,,Novita,stop,0.000139705,700
1282,"a company | company expenses | company profit | company revenue || AB,AC,AD,BC",RAW,PSEUDO,no,4,False,False,meta-llama/llama-3.3-70b-instruct,yes,1,0,98,258,,Novita,stop,0.00011643,700
1291,"the amount of sleep the student gets | the grade the student receives on a test | the number of hours a student studies | the overall academic performance of the student || AB,AD,BD,CD",DR_k1,PSEUDO,no,4,False,False,meta-llama/llama-3.3-70b-instruct,no,1,1,149,164,,Novita,stop,8.5715e-05,700
1291,"the amount of sleep the student gets | the grade the student receives on a test | the number of hours a student studies | the overall academic performance of the student || AB,AD,BD,CD",ORACLE,PSEUDO,no,4,False,False,meta-llama/llama-3.3-70b-instruct,no,1,1,149,218,,Novita,stop,0.000107315,700
1291,"the amount of sleep the student gets | the grade the student receives on a test | the number of hours a student studies | the overall academic performance of the student || AB,AD,BD,CD",RAW,PSEUDO,no,4,False,False,meta-llama/llama-3.3-70b-instruct,no,1,1,98,169,,Novita,stop,8.083e-05,700
1292,"a person's education level | a person's income | a person's job title | a person's social status || AB,AC,AD,BC,BD,CD",DR_k1,PSEUDO,no,4,False,False,meta-llama/llama-3.3-70b-instruct,no,1,1,157,426,,Novita,stop,0.000191595,700
1292,"a person's education level | a person's income | a person's job title | a person's social status || AB,AC,AD,BC,BD,CD",ORACLE,PSEUDO,no,4,False,False,meta-llama/llama-3.3-70b-instruct,no,1,1,157,257,,Novita,stop,0.000123995,700
1292,"a person's education level | a person's income | a person's job title | a person's social status || AB,AC,AD,BC,BD,CD",RAW,PSEUDO,no,4,False,False,meta-llama/llama-3.3-70b-instruct,no,1,1,99,372,,Novita,stop,0.000162165,700
1295,"patient's diet | patient's exercise habits | patient's life expectancy | patient's overall health | patient's stress levels || AD,BD,CD,DE",DR_k1,PSEUDO,yes,5,True,True,meta-llama/llama-3.3-70b-instruct,yes,1,1,196,158,,Novita,stop,8.966e-05,700
1295,"patient's diet | patient's exercise habits | patient's life expectancy | patient's overall health | patient's stress levels || AD,BD,CD,DE",ORACLE,PSEUDO,yes,5,True,True,meta-llama/llama-3.3-70b-instruct,yes,1,1,205,288,,Novita,stop,0.000142875,700
1295,"patient's diet | patient's exercise habits | patient's life expectancy | patient's overall health | patient's stress levels || AD,BD,CD,DE",RAW,PSEUDO,yes,5,True,True,meta-llama/llama-3.3-70b-instruct,yes,1,1,144,147,,Novita,stop,7.824e-05,700
1297,"the amount of exercise a person gets | the amount of sleep a person gets | the person's energy level | the person's overall health || AD,BC,CD",DR_k1,PSEUDO,no,4,False,False,meta-llama/llama-3.3-70b-instruct,no,1,1,150,399,,Novita,stop,0.00017985,700
1297,"the amount of exercise a person gets | the amount of sleep a person gets | the person's energy level | the person's overall health || AD,BC,CD",ORACLE,PSEUDO,no,4,False,False,meta-llama/llama-3.3-70b-instruct,no,1,1,149,313,,Novita,stop,0.000145315,700
1297,"the amount of exercise a person gets | the amount of sleep a person gets | the person's energy level | the person's overall health || AD,BC,CD",RAW,PSEUDO,no,4,False,False,meta-llama/llama-3.3-70b-instruct,no,1,1,100,453,,Novita,stop,0.0001947,700
1299,"availability of alternative routes | road construction | traffic congestion | travel time to destination || AB,AC,AD,BD,CD",DR_k1,PSEUDO,no,4,True,True,meta-llama/llama-3.3-70b-instruct,no,1,1,314,607,,Novita,stop,0.00028519,700
1299,"availability of alternative routes | road construction | traffic congestion | travel time to destination || AB,AC,AD,BD,CD",ORACLE,PSEUDO,no,4,True,True,meta-llama/llama-3.3-70b-instruct,no,1,1,314,600,,Novita,stop,0.00028239,700
1299,"availability of alternative routes | road construction | traffic congestion | travel time to destination || AB,AC,AD,BD,CD",RAW,PSEUDO,no,4,True,True,meta-llama/llama-3.3-70b-instruct,no,1,1,255,685,,Novita,stop,0.000308425,700
1300,"amount of sleep | exam score | number of hours studied || AC,BC",DR_k1,PSEUDO,no,3,False,False,meta-llama/llama-3.3-70b-instruct,no,1,1,138,250,,Novita,stop,0.00011863,700
1300,"amount of sleep | exam score | number of hours studied || AC,BC",ORACLE,PSEUDO,no,3,False,False,meta-llama/llama-3.3-70b-instruct,no,1,1,137,191,,Novita,stop,9.4895e-05,700
1300,"amount of sleep | exam score | number of hours studied || AC,BC",RAW,PSEUDO,no,3,False,False,meta-llama/llama-3.3-70b-instruct,no,1,1,100,245,,Novita,stop,0.0001115,700
1302,"job experience | job performance | level of education | salary || AB,AD,BC,BD,CD",DR_k1,PSEUDO,no,4,True,True,meta-llama/llama-3.3-70b-instruct,no,1,1,306,552,,Novita,stop,0.00026211,700
1302,"job experience | job performance | level of education | salary || AB,AD,BC,BD,CD",ORACLE,PSEUDO,no,4,True,True,meta-llama/llama-3.3-70b-instruct,no,1,1,307,636,,Novita,stop,0.000295845,700
1302,"job experience | job performance | level of education | salary || AB,AD,BC,BD,CD",RAW,PSEUDO,no,4,True,True,meta-llama/llama-3.3-70b-instruct,no,1,1,249,608,,Novita,stop,0.000276815,700
1310,"amount of exercise | body weight | dietary habits | risk of developing chronic diseases || AC,BC,CD",DR_k1,PSEUDO,no,4,False,False,meta-llama/llama-3.3-70b-instruct,no,1,1,142,242,,Novita,stop,0.00011597,700
1310,"amount of exercise | body weight | dietary habits | risk of developing chronic diseases || AC,BC,CD",ORACLE,PSEUDO,no,4,False,False,meta-llama/llama-3.3-70b-instruct,no,1,1,151,199,,Novita,stop,9.9985e-05,700
1310,"amount of exercise | body weight | dietary habits | risk of developing chronic diseases || AC,BC,CD",RAW,PSEUDO,no,4,False,False,meta-llama/llama-3.3-70b-instruct,no,1,1,100,286,,Novita,stop,0.0001279,700
1313,"the final grade of the student | whether a student studies for an exam | whether the student is well-prepared | whether the student performs well on the exam | whether the student understands the material || AB,AC,AD,BC,BD,BE,CD,DE",DR_k1,PSEUDO,yes,5,True,True,meta-llama/llama-3.3-70b-instruct,yes,1,1,225,231,,Novita,stop,0.000122775,700
1313,"the final grade of the student | whether a student studies for an exam | whether the student is well-prepared | whether the student performs well on the exam | whether the student understands the material || AB,AC,AD,BC,BD,BE,CD,DE",ORACLE,PSEUDO,yes,5,True,True,meta-llama/llama-3.3-70b-instruct,yes,1,1,225,411,,Novita,stop,0.000194775,700
1313,"the final grade of the student | whether a student studies for an exam | whether the student is well-prepared | whether the student performs well on the exam | whether the student understands the material || AB,AC,AD,BC,BD,BE,CD,DE",RAW,PSEUDO,yes,5,True,True,meta-llama/llama-3.3-70b-instruct,yes,1,1,148,122,,Novita,stop,6.878e-05,700
1316,"patient's diet | patient's exercise habits | patient's life expectancy | patient's overall health | patient's stress levels || AD,BD,CD,DE",DR_k1,PSEUDO,no,5,False,False,meta-llama/llama-3.3-70b-instruct,yes,1,0,154,222,,Novita,stop,0.00010959,700
1316,"patient's diet | patient's exercise habits | patient's life expectancy | patient's overall health | patient's stress levels || AD,BD,CD,DE",ORACLE,PSEUDO,no,5,False,False,meta-llama/llama-3.3-70b-instruct,no,1,1,162,185,,Novita,stop,9.587e-05,700
1316,"patient's diet | patient's exercise habits | patient's life expectancy | patient's overall health | patient's stress levels || AD,BD,CD,DE",RAW,PSEUDO,no,5,False,False,meta-llama/llama-3.3-70b-instruct,yes,1,0,100,287,,Novita,stop,0.0001283,700
1321,"the amount of sleep the student gets | the grade the student receives on a test | the number of hours a student studies | the overall academic performance of the student || AB,AD,BD,CD",DR_k1,PSEUDO,no,4,False,False,meta-llama/llama-3.3-70b-instruct,no,1,1,152,289,,Novita,stop,0.00013612,700
1321,"the amount of sleep the student gets | the grade the student receives on a test | the number of hours a student studies | the overall academic performance of the student || AB,AD,BD,CD",ORACLE,PSEUDO,no,4,False,False,meta-llama/llama-3.3-70b-instruct,no,1,1,152,370,,Novita,stop,0.00016852,700
1321,"the amount of sleep the student gets | the grade the student receives on a test | the number of hours a student studies | the overall academic performance of the student || AB,AD,BD,CD",RAW,PSEUDO,no,4,False,False,meta-llama/llama-3.3-70b-instruct,no,1,1,98,175,,Novita,stop,8.323e-05,700
1323,"amount of exercise | overall health status | physical fitness level || AB,BC",DR_k1,PSEUDO,no,3,True,True,meta-llama/llama-3.3-70b-instruct,no,1,1,187,192,,Novita,stop,0.000102045,700
1323,"amount of exercise | overall health status | physical fitness level || AB,BC",ORACLE,PSEUDO,no,3,True,True,meta-llama/llama-3.3-70b-instruct,no,1,1,186,126,,Novita,stop,7.551e-05,700
1323,"amount of exercise | overall health status | physical fitness level || AB,BC",RAW,PSEUDO,no,3,True,True,meta-llama/llama-3.3-70b-instruct,no,1,1,148,132,,Novita,stop,7.278e-05,700
1325,"education level | happiness level | income level | job satisfaction | life satisfaction || AC,AE,BC,BD,CD,CE,DE",DR_k1,PSEUDO,no,5,False,False,meta-llama/llama-3.3-70b-instruct,no,1,1,173,260,,Novita,stop,0.000127355,700
1325,"education level | happiness level | income level | job satisfaction | life satisfaction || AC,AE,BC,BD,CD,CE,DE",ORACLE,PSEUDO,no,5,False,False,meta-llama/llama-3.3-70b-instruct,no,1,1,174,263,,Novita,stop,0.00012869,700
1325,"education level | happiness level | income level | job satisfaction | life satisfaction || AC,AE,BC,BD,CD,CE,DE",RAW,PSEUDO,no,5,False,False,meta-llama/llama-3.3-70b-instruct,no,1,1,100,37,,Novita,stop,2.83e-05,700
1328,"a person's education level | a person's financial stability | a person's income | a person's job status || AB,AC,AD,BC",DR_k1,PSEUDO,no,4,False,False,meta-llama/llama-3.3-70b-instruct,yes,1,0,143,284,,Novita,stop,0.000132905,700
1328,"a person's education level | a person's financial stability | a person's income | a person's job status || AB,AC,AD,BC",ORACLE,PSEUDO,no,4,False,False,meta-llama/llama-3.3-70b-instruct,no,1,1,143,305,,Novita,stop,0.000141305,700
1328,"a person's education level | a person's financial stability | a person's income | a person's job status || AB,AC,AD,BC",RAW,PSEUDO,no,4,False,False,meta-llama/llama-3.3-70b-instruct,no,1,1,98,184,,Novita,stop,8.683e-05,700
1334,"education level | happiness level | income level | job satisfaction | life satisfaction || AC,AE,BC,BD,CD,CE,DE",DR_k1,PSEUDO,no,5,False,False,meta-llama/llama-3.3-70b-instruct,no,1,1,168,255,,Novita,stop,0.00012468,700
1334,"education level | happiness level | income level | job satisfaction | life satisfaction || AC,AE,BC,BD,CD,CE,DE",ORACLE,PSEUDO,no,5,False,False,meta-llama/llama-3.3-70b-instruct,no,1,1,169,275,,Novita,stop,0.000132815,700
1334,"education level | happiness level | income level | job satisfaction | life satisfaction || AC,AE,BC,BD,CD,CE,DE",RAW,PSEUDO,no,5,False,False,meta-llama/llama-3.3-70b-instruct,yes,1,0,98,320,,Novita,stop,0.00014123,700
1336,"the amount of exercise a person does | the person's cardiovascular health | the person's immune system | the person's overall health | the person's respiratory health || AB,AD,BC,BE,CD,CE,DE",DR_k1,PSEUDO,no,5,False,False,meta-llama/llama-3.3-70b-instruct,no,1,1,175,398,,Novita,stop,0.000182825,700
1336,"the amount of exercise a person does | the person's cardiovascular health | the person's immune system | the person's overall health | the person's respiratory health || AB,AD,BC,BE,CD,CE,DE",ORACLE,PSEUDO,no,5,False,False,meta-llama/llama-3.3-70b-instruct,no,1,1,175,566,,Novita,stop,0.000250025,700
1336,"the amount of exercise a person does | the person's cardiovascular health | the person's immune system | the person's overall health | the person's respiratory health || AB,AD,BC,BE,CD,CE,DE",RAW,PSEUDO,no,5,False,False,meta-llama/llama-3.3-70b-instruct,no,1,1,100,156,,Novita,stop,7.59e-05,700
1337,"the grade achieved in an exam | the likelihood of getting a scholarship | the likelihood of getting admitted to a university | the number of hours spent studying || AB,BC,BD",DR_k1,PSEUDO,yes,4,True,True,meta-llama/llama-3.3-70b-instruct,yes,1,1,195,295,,Novita,stop,0.000144325,700
1337,"the grade achieved in an exam | the likelihood of getting a scholarship | the likelihood of getting admitted to a university | the number of hours spent studying || AB,BC,BD",ORACLE,PSEUDO,yes,4,True,True,meta-llama/llama-3.3-70b-instruct,yes,1,1,187,285,,Novita,stop,0.000139245,700
1337,"the grade achieved in an exam | the likelihood of getting a scholarship | the likelihood of getting admitted to a university | the number of hours spent studying || AB,BC,BD",RAW,PSEUDO,yes,4,True,True,meta-llama/llama-3.3-70b-instruct,yes,1,1,144,151,,Novita,stop,7.984e-05,700
1341,"amount of rainfall | likelihood of flooding | water level in a river || AB,BC",DR_k1,PSEUDO,no,3,False,False,meta-llama/llama-3.3-70b-instruct,no,1,1,135,161,,Novita,stop,8.2625e-05,700
1341,"amount of rainfall | likelihood of flooding | water level in a river || AB,BC",ORACLE,PSEUDO,no,3,False,False,meta-llama/llama-3.3-70b-instruct,no,1,1,135,314,,Novita,stop,0.000143825,700
1341,"amount of rainfall | likelihood of flooding | water level in a river || AB,BC",RAW,PSEUDO,no,3,False,False,meta-llama/llama-3.3-70b-instruct,yes,1,0,98,346,,Novita,stop,0.00015163,700
1344,"the amount of exercise a person does | the person's cardiovascular health | the person's immune system | the person's overall health | the person's respiratory health || AB,AD,BC,BE,CD,CE,DE",DR_k1,PSEUDO,no,5,True,True,meta-llama/llama-3.3-70b-instruct,no,1,1,312,548,,Novita,stop,0.00026132,700
1344,"the amount of exercise a person does | the person's cardiovascular health | the person's immune system | the person's overall health | the person's respiratory health || AB,AD,BC,BE,CD,CE,DE",ORACLE,PSEUDO,no,5,True,True,meta-llama/llama-3.3-70b-instruct,no,1,1,312,548,,Novita,stop,0.00026132,700
1344,"the amount of exercise a person does | the person's cardiovascular health | the person's immune system | the person's overall health | the person's respiratory health || AB,AD,BC,BE,CD,CE,DE",RAW,PSEUDO,no,5,True,True,meta-llama/llama-3.3-70b-instruct,no,1,1,238,559,,Novita,stop,0.00025573,700
1346,"the amount of exercise a person gets | the amount of sleep a person gets | the person's energy level | the person's overall health || AD,BC,CD",DR_k1,PSEUDO,no,4,False,False,meta-llama/llama-3.3-70b-instruct,no,1,1,136,395,,Novita,stop,0.00017636,700
1346,"the amount of exercise a person gets | the amount of sleep a person gets | the person's energy level | the person's overall health || AD,BC,CD",ORACLE,PSEUDO,no,4,False,False,meta-llama/llama-3.3-70b-instruct,no,1,1,144,148,,Novita,stop,7.864e-05,700
1346,"the amount of exercise a person gets | the amount of sleep a person gets | the person's energy level | the person's overall health || AD,BC,CD",RAW,PSEUDO,no,4,False,False,meta-llama/llama-3.3-70b-instruct,yes,1,0,96,292,,Novita,stop,0.00012976,700
1348,"whether a person eats a healthy diet | whether a person exercises regularly | whether a person has good cardiovascular health | whether a person maintains a healthy weight || AB,AD,BC,CD",DR_k1,PSEUDO,yes,4,True,True,meta-llama/llama-3.3-70b-instruct,yes,1,1,188,382,,Novita,stop,0.00017818,700
1348,"whether a person eats a healthy diet | whether a person exercises regularly | whether a person has good cardiovascular health | whether a person maintains a healthy weight || AB,AD,BC,CD",ORACLE,PSEUDO,yes,4,True,True,meta-llama/llama-3.3-70b-instruct,yes,1,1,197,179,,Novita,stop,9.8195e-05,700
1348,"whether a person eats a healthy diet | whether a person exercises regularly | whether a person has good cardiovascular health | whether a person maintains a healthy weight || AB,AD,BC,CD",RAW,PSEUDO,yes,4,True,True,meta-llama/llama-3.3-70b-instruct,yes,1,1,144,122,,Novita,stop,6.824e-05,700
1351,"business owner | number of employees | profit | revenue || AB,AC,AD,BC,BD,CD",DR_k1,PSEUDO,no,4,True,True,meta-llama/llama-3.3-70b-instruct,no,1,1,209,351,,Novita,stop,0.000168615,700
1351,"business owner | number of employees | profit | revenue || AB,AC,AD,BC,BD,CD",ORACLE,PSEUDO,no,4,True,True,meta-llama/llama-3.3-70b-instruct,no,1,1,209,321,,Novita,stop,0.000156615,700
1351,"business owner | number of employees | profit | revenue || AB,AC,AD,BC,BD,CD",RAW,PSEUDO,no,4,True,True,meta-llama/llama-3.3-70b-instruct,no,1,1,148,190,,Novita,stop,9.598e-05,700
1356,"whether a person eats a healthy diet | whether a person exercises regularly | whether a person has good cardiovascular health | whether a person maintains a healthy weight || AB,AD,BC,CD",DR_k1,PSEUDO,no,4,True,True,meta-llama/llama-3.3-70b-instruct,no,1,1,292,516,,Novita,stop,0.00024582,700
1356,"whether a person eats a healthy diet | whether a person exercises regularly | whether a person has good cardiovascular health | whether a person maintains a healthy weight || AB,AD,BC,CD",ORACLE,PSEUDO,no,4,True,True,meta-llama/llama-3.3-70b-instruct,no,1,1,291,593,,Novita,stop,0.000276485,700
1356,"whether a person eats a healthy diet | whether a person exercises regularly | whether a person has good cardiovascular health | whether a person maintains a healthy weight || AB,AD,BC,CD",RAW,PSEUDO,no,4,True,True,meta-llama/llama-3.3-70b-instruct,no,1,1,238,571,,Novita,stop,0.00026053,700
1357,"amount of rainfall | crop yield | humidity | temperature || AD,BD,CD",DR_k1,PSEUDO,no,4,True,True,meta-llama/llama-3.3-70b-instruct,no,1,1,194,143,,Novita,stop,8.339e-05,700
1357,"amount of rainfall | crop yield | humidity | temperature || AD,BD,CD",ORACLE,PSEUDO,no,4,True,True,meta-llama/llama-3.3-70b-instruct,no,1,1,194,134,,Novita,stop,7.979e-05,700
1357,"amount of rainfall | crop yield | humidity | temperature || AD,BD,CD",RAW,PSEUDO,no,4,True,True,meta-llama/llama-3.3-70b-instruct,no,1,1,144,136,,Novita,stop,7.384e-05,700
1360,"grade in the class | number of hours spent studying | test score || AB,AC,BC",DR_k1,PSEUDO,yes,3,True,True,meta-llama/llama-3.3-70b-instruct,yes,1,1,278,532,,Novita,stop,0.00025033,700
1360,"grade in the class | number of hours spent studying | test score || AB,AC,BC",ORACLE,PSEUDO,yes,3,True,True,meta-llama/llama-3.3-70b-instruct,yes,1,1,277,567,,Novita,stop,0.000264195,700
1360,"grade in the class | number of hours spent studying | test score || AB,AC,BC",RAW,PSEUDO,yes,3,True,True,meta-llama/llama-3.3-70b-instruct,yes,1,1,238,579,,Novita,stop,0.00026373,700
1366,"a person's education level | the person's income | the person's job title | the person's salary || AC,AD,BC",DR_k1,PSEUDO,no,4,False,False,meta-llama/llama-3.3-70b-instruct,no,1,1,148,334,,Novita,stop,0.00015358,700
1366,"a person's education level | the person's income | the person's job title | the person's salary || AC,AD,BC",ORACLE,PSEUDO,no,4,False,False,meta-llama/llama-3.3-70b-instruct,yes,1,0,140,285,,Novita,stop,0.0001329,700
1366,"a person's education level | the person's income | the person's job title | the person's salary || AC,AD,BC",RAW,PSEUDO,no,4,False,False,meta-llama/llama-3.3-70b-instruct,no,1,1,98,285,,Novita,stop,0.00012723,700
1367,"the amount of sleep the night before the exam | the exam score | the number of hours studied for an exam || AC,BC",DR_k1,PSEUDO,yes,3,True,True,meta-llama/llama-3.3-70b-instruct,yes,1,1,187,313,,Novita,stop,0.000150445,700
1367,"the amount of sleep the night before the exam | the exam score | the number of hours studied for an exam || AC,BC",ORACLE,PSEUDO,yes,3,True,True,meta-llama/llama-3.3-70b-instruct,yes,1,1,187,163,,Novita,stop,9.0445e-05,700
1367,"the amount of sleep the night before the exam | the exam score | the number of hours studied for an exam || AC,BC",RAW,PSEUDO,yes,3,True,True,meta-llama/llama-3.3-70b-instruct,yes,1,1,148,142,,Novita,stop,7.678e-05,700
1368,"the grade obtained on the exam | whether a student studies for an exam or not | whether the student passes the course or not || AB,BC",DR_k1,PSEUDO,no,3,True,True,meta-llama/llama-3.3-70b-instruct,no,1,1,178,305,,Novita,stop,0.00014603,700
1368,"the grade obtained on the exam | whether a student studies for an exam or not | whether the student passes the course or not || AB,BC",ORACLE,PSEUDO,no,3,True,True,meta-llama/llama-3.3-70b-instruct,no,1,1,178,174,,Novita,stop,9.363e-05,700
1368,"the grade obtained on the exam | whether a student studies for an exam or not | whether the student passes the course or not || AB,BC",RAW,PSEUDO,no,3,True,True,meta-llama/llama-3.3-70b-instruct,no,1,1,142,240,,Novita,stop,0.00011517,700
1369,"the amount of exercise a person does | the person's cardiovascular health | the person's immune system | the person's overall health | the person's respiratory health || AB,AD,BC,BE,CD,CE,DE",DR_k1,PSEUDO,yes,5,True,True,meta-llama/llama-3.3-70b-instruct,yes,1,1,325,534,,Novita,stop,0.000257475,700
1369,"the amount of exercise a person does | the person's cardiovascular health | the person's immune system | the person's overall health | the person's respiratory health || AB,AD,BC,BE,CD,CE,DE",ORACLE,PSEUDO,yes,5,True,True,meta-llama/llama-3.3-70b-instruct,yes,1,1,324,546,,Novita,stop,0.00026214,700
1369,"the amount of exercise a person does | the person's cardiovascular health | the person's immune system | the person's overall health | the person's respiratory health || AB,AD,BC,BE,CD,CE,DE",RAW,PSEUDO,yes,5,True,True,meta-llama/llama-3.3-70b-instruct,yes,1,1,250,596,,Novita,stop,0.00027215,700
1370,"availability of public transportation | traffic congestion | travel time to work || AB,AC,BC",DR_k1,PSEUDO,no,3,True,True,meta-llama/llama-3.3-70b-instruct,no,1,1,185,183,,Novita,stop,9.8175e-05,700
1370,"availability of public transportation | traffic congestion | travel time to work || AB,AC,BC",ORACLE,PSEUDO,no,3,True,True,meta-llama/llama-3.3-70b-instruct,no,1,1,185,230,,Novita,stop,0.000116975,700
1370,"availability of public transportation | traffic congestion | travel time to work || AB,AC,BC",RAW,PSEUDO,no,3,True,True,meta-llama/llama-3.3-70b-instruct,no,1,1,144,134,,Novita,stop,7.304e-05,700
1374,"a manufacturing plant | the efficiency of the plant's machinery | the overall profitability of the plant | the production output of the plant || AB,AC,AD,BC,BD",DR_k1,PSEUDO,no,4,True,True,meta-llama/llama-3.3-70b-instruct,no,1,1,205,213,,Novita,stop,0.000112875,700
1374,"a manufacturing plant | the efficiency of the plant's machinery | the overall profitability of the plant | the production output of the plant || AB,AC,AD,BC,BD",ORACLE,PSEUDO,no,4,True,True,meta-llama/llama-3.3-70b-instruct,no,1,1,197,139,,Novita,stop,8.2195e-05,700
1374,"a manufacturing plant | the efficiency of the plant's machinery | the overall profitability of the plant | the production output of the plant || AB,AC,AD,BC,BD",RAW,PSEUDO,no,4,True,True,meta-llama/llama-3.3-70b-instruct,no,1,1,148,139,,Novita,stop,7.558e-05,700
1375,"the amount of exercise a person does | the person's cardiovascular health | the person's immune system | the person's overall health | the person's respiratory health || AB,AD,BC,BE,CD,CE,DE",DR_k1,PSEUDO,yes,5,True,True,meta-llama/llama-3.3-70b-instruct,yes,1,1,322,474,,Novita,stop,0.00023307,700
1375,"the amount of exercise a person does | the person's cardiovascular health | the person's immune system | the person's overall health | the person's respiratory health || AB,AD,BC,BE,CD,CE,DE",ORACLE,PSEUDO,yes,5,True,True,meta-llama/llama-3.3-70b-instruct,yes,1,1,322,539,,Novita,stop,0.00025907,700
1375,"the amount of exercise a person does | the person's cardiovascular health | the person's immune system | the person's overall health | the person's respiratory health || AB,AD,BC,BE,CD,CE,DE",RAW,PSEUDO,yes,5,True,True,meta-llama/llama-3.3-70b-instruct,yes,1,1,250,605,,Novita,stop,0.00027575,700
1380,"customer satisfaction | product quality | revenue | sales || AC,BC,CD",DR_k1,PSEUDO,no,4,False,False,meta-llama/llama-3.3-70b-instruct,no,1,1,141,236,,Novita,stop,0.000113435,700
1380,"customer satisfaction | product quality | revenue | sales || AC,BC,CD",ORACLE,PSEUDO,no,4,False,False,meta-llama/llama-3.3-70b-instruct,no,1,1,149,204,,Novita,stop,0.000101715,700
1380,"customer satisfaction | product quality | revenue | sales || AC,BC,CD",RAW,PSEUDO,no,4,False,False,meta-llama/llama-3.3-70b-instruct,yes,1,0,98,327,,Novita,stop,0.00014403,700
1383,"the decision to bring an umbrella | the weather forecast | whether the person gets wet | whether the person stays dry || AB,BC,BD",DR_k1,PSEUDO,no,4,True,True,meta-llama/llama-3.3-70b-instruct,no,1,1,193,288,,Novita,stop,0.000141255,700
1383,"the decision to bring an umbrella | the weather forecast | whether the person gets wet | whether the person stays dry || AB,BC,BD",ORACLE,PSEUDO,no,4,True,True,meta-llama/llama-3.3-70b-instruct,no,1,1,185,288,,Novita,stop,0.000140175,700
1383,"the decision to bring an umbrella | the weather forecast | whether the person gets wet | whether the person stays dry || AB,BC,BD",RAW,PSEUDO,no,4,True,True,meta-llama/llama-3.3-70b-instruct,no,1,1,144,133,,Novita,stop,7.264e-05,700
1386,"job experience | job performance | level of education | salary || AB,AD,BC,BD,CD",DR_k1,PSEUDO,no,4,True,True,meta-llama/llama-3.3-70b-instruct,no,1,1,194,257,,Novita,stop,0.00012899,700
1386,"job experience | job performance | level of education | salary || AB,AD,BC,BD,CD",ORACLE,PSEUDO,no,4,True,True,meta-llama/llama-3.3-70b-instruct,no,1,1,195,266,,Novita,stop,0.000132725,700
1386,"job experience | job performance | level of education | salary || AB,AD,BC,BD,CD",RAW,PSEUDO,no,4,True,True,meta-llama/llama-3.3-70b-instruct,no,1,1,140,125,,Novita,stop,6.89e-05,700
1388,"the amount of sleep the night before the exam | the number of hours studied for an exam | the overall performance in the course | the score obtained on the exam || AB,AC,BD,CD",DR_k1,PSEUDO,no,4,False,False,meta-llama/llama-3.3-70b-instruct,no,1,1,153,389,,Novita,stop,0.000176255,700
1388,"the amount of sleep the night before the exam | the number of hours studied for an exam | the overall performance in the course | the score obtained on the exam || AB,AC,BD,CD",ORACLE,PSEUDO,no,4,False,False,meta-llama/llama-3.3-70b-instruct,no,1,1,153,242,,Novita,stop,0.000117455,700
1388,"the amount of sleep the night before the exam | the number of hours studied for an exam | the overall performance in the course | the score obtained on the exam || AB,AC,BD,CD",RAW,PSEUDO,no,4,False,False,meta-llama/llama-3.3-70b-instruct,yes,1,0,98,237,,Novita,stop,0.00010803,700
1389,"employment status | happiness level | income | level of education || AB,AC,AD",DR_k1,PSEUDO,no,4,False,False,meta-llama/llama-3.3-70b-instruct,no,1,1,141,284,,Novita,stop,0.000132635,700
1389,"employment status | happiness level | income | level of education || AB,AC,AD",ORACLE,PSEUDO,no,4,False,False,meta-llama/llama-3.3-70b-instruct,no,1,1,134,244,,Novita,stop,0.00011569,700
1389,"employment status | happiness level | income | level of education || AB,AC,AD",RAW,PSEUDO,no,4,False,False,meta-llama/llama-3.3-70b-instruct,no,1,1,100,245,,Novita,stop,0.0001115,700
1399,"access to medical facilities | education level | healthcare coverage | income level | overall health status || AC,AE,BC,BE,CD,CE,DE",DR_k1,PSEUDO,no,5,False,False,meta-llama/llama-3.3-70b-instruct,no,1,1,172,202,,Novita,stop,0.00010402,700
1399,"access to medical facilities | education level | healthcare coverage | income level | overall health status || AC,AE,BC,BE,CD,CE,DE",ORACLE,PSEUDO,no,5,False,False,meta-llama/llama-3.3-70b-instruct,no,1,1,171,395,,Novita,stop,0.000181085,700
1399,"access to medical facilities | education level | healthcare coverage | income level | overall health status || AC,AE,BC,BE,CD,CE,DE",RAW,PSEUDO,no,5,False,False,meta-llama/llama-3.3-70b-instruct,no,1,1,98,328,,Novita,stop,0.00014443,700
1406,"crop yield | economic growth | humidity level | profit of farmers | weather conditions || AB,AC,BC,BD,CD,DE",DR_k1,PSEUDO,no,5,False,False,meta-llama/llama-3.3-70b-instruct,no,1,1,161,297,,Novita,stop,0.000140535,700
1406,"crop yield | economic growth | humidity level | profit of farmers | weather conditions || AB,AC,BC,BD,CD,DE",ORACLE,PSEUDO,no,5,False,False,meta-llama/llama-3.3-70b-instruct,no,1,1,161,393,,Novita,stop,0.000178935,700
1406,"crop yield | economic growth | humidity level | profit of farmers | weather conditions || AB,AC,BC,BD,CD,DE",RAW,PSEUDO,no,5,False,False,meta-llama/llama-3.3-70b-instruct,no,1,1,96,199,,Novita,stop,9.256e-05,700
1408,"whether a person is exposed to a contagious disease | whether the person receives appropriate treatment | whether the person recovers from the disease | whether the person seeks medical attention | whether the person shows symptoms of the disease || AB,AE,BC,BD,CD,CE,DE",DR_k1,PSEUDO,no,5,True,True,meta-llama/llama-3.3-70b-instruct,no,1,1,215,234,,Novita,stop,0.000122625,700
1408,"whether a person is exposed to a contagious disease | whether the person receives appropriate treatment | whether the person recovers from the disease | whether the person seeks medical attention | whether the person shows symptoms of the disease || AB,AE,BC,BD,CD,CE,DE",ORACLE,PSEUDO,no,5,True,True,meta-llama/llama-3.3-70b-instruct,no,1,1,214,273,,Novita,stop,0.00013809,700
1408,"whether a person is exposed to a contagious disease | whether the person receives appropriate treatment | whether the person recovers from the disease | whether the person seeks medical attention | whether the person shows symptoms of the disease || AB,AE,BC,BD,CD,CE,DE",RAW,PSEUDO,no,5,True,True,meta-llama/llama-3.3-70b-instruct,no,1,1,144,185,,Novita,stop,9.344e-05,700
1410,"exam score | grade in the course | number of hours studied || AB,BC",DR_k1,PSEUDO,no,3,True,True,meta-llama/llama-3.3-70b-instruct,no,1,1,174,283,,Novita,stop,0.00013669,700
1410,"exam score | grade in the course | number of hours studied || AB,BC",ORACLE,PSEUDO,no,3,True,True,meta-llama/llama-3.3-70b-instruct,no,1,1,183,243,,Novita,stop,0.000121905,700
1410,"exam score | grade in the course | number of hours studied || AB,BC",RAW,PSEUDO,no,3,True,True,meta-llama/llama-3.3-70b-instruct,no,1,1,144,149,,Novita,stop,7.904e-05,700
1412,"the amount of sleep the student gets | the grade the student receives on a test | the number of hours a student studies | the overall academic performance of the student || AB,AD,BD,CD",DR_k1,PSEUDO,no,4,False,False,meta-llama/llama-3.3-70b-instruct,no,1,1,153,315,,Novita,stop,0.000146655,700
1412,"the amount of sleep the student gets | the grade the student receives on a test | the number of hours a student studies | the overall academic performance of the student || AB,AD,BD,CD",ORACLE,PSEUDO,no,4,False,False,meta-llama/llama-3.3-70b-instruct,no,1,1,153,337,,Novita,stop,0.000155455,700
1412,"the amount of sleep the student gets | the grade the student receives on a test | the number of hours a student studies | the overall academic performance of the student || AB,AD,BD,CD",RAW,PSEUDO,no,4,False,False,meta-llama/llama-3.3-70b-instruct,yes,1,0,98,290,,Novita,stop,0.00012923,700
1415,"the amount of sleep the student gets | the grade the student receives on a test | the number of hours a student studies | the overall academic performance of the student || AB,AD,BD,CD",DR_k1,PSEUDO,no,4,False,False,meta-llama/llama-3.3-70b-instruct,no,1,1,151,228,,Novita,stop,0.000111585,700
1415,"the amount of sleep the student gets | the grade the student receives on a test | the number of hours a student studies | the overall academic performance of the student || AB,AD,BD,CD",ORACLE,PSEUDO,no,4,False,False,meta-llama/llama-3.3-70b-instruct,no,1,1,150,133,,Novita,stop,7.345e-05,700
1415,"the amount of sleep the student gets | the grade the student receives on a test | the number of hours a student studies | the overall academic performance of the student || AB,AD,BD,CD",RAW,PSEUDO,no,4,False,False,meta-llama/llama-3.3-70b-instruct,yes,1,0,98,222,,Novita,stop,0.00010203,700
1416,"the grade achieved in an exam | the likelihood of getting a scholarship | the likelihood of getting admitted to a university | the number of hours spent studying || AB,BC,BD",DR_k1,PSEUDO,no,4,False,False,meta-llama/llama-3.3-70b-instruct,no,1,1,147,267,,Novita,stop,0.000126645,700
1416,"the grade achieved in an exam | the likelihood of getting a scholarship | the likelihood of getting admitted to a university | the number of hours spent studying || AB,BC,BD",ORACLE,PSEUDO,no,4,False,False,meta-llama/llama-3.3-70b-instruct,no,1,1,139,222,,Novita,stop,0.000107565,700
1416,"the grade achieved in an exam | the likelihood of getting a scholarship | the likelihood of getting admitted to a university | the number of hours spent studying || AB,BC,BD",RAW,PSEUDO,no,4,False,False,meta-llama/llama-3.3-70b-instruct,no,1,1,98,296,,Novita,stop,0.00013163,700
1427,"child's education level | child's health status | child's social skills | parents' income || AB,AC,AD",DR_k1,PSEUDO,no,4,False,False,meta-llama/llama-3.3-70b-instruct,no,1,1,141,111,,Novita,stop,6.3435e-05,700
1427,"child's education level | child's health status | child's social skills | parents' income || AB,AC,AD",ORACLE,PSEUDO,no,4,False,False,meta-llama/llama-3.3-70b-instruct,no,1,1,133,383,,Novita,stop,0.000171155,700
1427,"child's education level | child's health status | child's social skills | parents' income || AB,AC,AD",RAW,PSEUDO,no,4,False,False,meta-llama/llama-3.3-70b-instruct,no,1,1,100,227,,Novita,stop,0.0001043,700
1432,"the amount of exercise a person does per week | the person's physical fitness level | the person's risk of developing chronic diseases || AB,AC",DR_k1,PSEUDO,no,3,False,False,meta-llama/llama-3.3-70b-instruct,no,1,1,138,270,,Novita,stop,0.00012663,700
1432,"the amount of exercise a person does per week | the person's physical fitness level | the person's risk of developing chronic diseases || AB,AC",ORACLE,PSEUDO,no,3,False,False,meta-llama/llama-3.3-70b-instruct,no,1,1,130,73,,Novita,stop,4.675e-05,700
1432,"the amount of exercise a person does per week | the person's physical fitness level | the person's risk of developing chronic diseases || AB,AC",RAW,PSEUDO,no,3,False,False,meta-llama/llama-3.3-70b-instruct,no,1,1,100,258,,Novita,stop,0.0001167,700
1440,"the amount of exercise the person does | the amount of sleep a person gets | the overall health of the person | the productivity level of the person || AB,AD,BD,CD",DR_k1,PSEUDO,no,4,False,False,meta-llama/llama-3.3-70b-instruct,no,1,1,153,140,,Novita,stop,7.6655e-05,700
1440,"the amount of exercise the person does | the amount of sleep a person gets | the overall health of the person | the productivity level of the person || AB,AD,BD,CD",ORACLE,PSEUDO,no,4,False,False,meta-llama/llama-3.3-70b-instruct,no,1,1,154,411,,Novita,stop,0.00018519,700
1440,"the amount of exercise the person does | the amount of sleep a person gets | the overall health of the person | the productivity level of the person || AB,AD,BD,CD",RAW,PSEUDO,no,4,False,False,meta-llama/llama-3.3-70b-instruct,yes,1,0,100,312,,Novita,stop,0.0001383,700
1441,"the amount of time spent studying | the final grade in the course | the level of understanding of the subject | the test score obtained || AB,AC,BC,BD,CD",DR_k1,PSEUDO,no,4,False,False,meta-llama/llama-3.3-70b-instruct,no,1,1,154,391,,Novita,stop,0.00017719,700
1441,"the amount of time spent studying | the final grade in the course | the level of understanding of the subject | the test score obtained || AB,AC,BC,BD,CD",ORACLE,PSEUDO,no,4,False,False,meta-llama/llama-3.3-70b-instruct,no,1,1,154,435,,Novita,stop,0.00019479,700
1441,"the amount of time spent studying | the final grade in the course | the level of understanding of the subject | the test score obtained || AB,AC,BC,BD,CD",RAW,PSEUDO,no,4,False,False,meta-llama/llama-3.3-70b-instruct,yes,1,0,97,280,,Novita,stop,0.000125095,700
1442,"crop yield | economic growth | humidity level | profit of farmers | weather conditions || AB,AC,BC,BD,CD,DE",DR_k1,PSEUDO,no,5,True,True,meta-llama/llama-3.3-70b-instruct,no,1,1,295,645,,Novita,stop,0.000297825,700
1442,"crop yield | economic growth | humidity level | profit of farmers | weather conditions || AB,AC,BC,BD,CD,DE",ORACLE,PSEUDO,no,5,True,True,meta-llama/llama-3.3-70b-instruct,no,1,1,295,500,,Novita,stop,0.000239825,700
1442,"crop yield | economic growth | humidity level | profit of farmers | weather conditions || AB,AC,BC,BD,CD,DE",RAW,PSEUDO,no,5,True,True,meta-llama/llama-3.3-70b-instruct,no,1,1,232,546,,Novita,stop,0.00024972,700
1444,"a manufacturing plant | the efficiency of the plant's machinery | the overall profitability of the plant | the production output of the plant || AB,AC,AD,BC,BD",DR_k1,PSEUDO,no,4,False,False,meta-llama/llama-3.3-70b-instruct,no,1,1,144,170,,Novita,stop,8.744e-05,700
1444,"a manufacturing plant | the efficiency of the plant's machinery | the overall profitability of the plant | the production output of the plant || AB,AC,AD,BC,BD",ORACLE,PSEUDO,no,4,False,False,meta-llama/llama-3.3-70b-instruct,no,1,1,144,163,,Novita,stop,8.464e-05,700
1444,"a manufacturing plant | the efficiency of the plant's machinery | the overall profitability of the plant | the production output of the plant || AB,AC,AD,BC,BD",RAW,PSEUDO,no,4,False,False,meta-llama/llama-3.3-70b-instruct,no,1,1,96,105,,Novita,stop,5.496e-05,700
1446,"customer satisfaction with a product | number of positive reviews for the product | revenue generated from the product | sales performance of the product || AB,AD,BC,CD",DR_k1,PSEUDO,yes,4,True,True,meta-llama/llama-3.3-70b-instruct,yes,1,1,297,655,,Novita,stop,0.000302095,700
1446,"customer satisfaction with a product | number of positive reviews for the product | revenue generated from the product | sales performance of the product || AB,AD,BC,CD",ORACLE,PSEUDO,yes,4,True,True,meta-llama/llama-3.3-70b-instruct,yes,1,1,297,638,,Novita,stop,0.000295295,700
1446,"customer satisfaction with a product | number of positive reviews for the product | revenue generated from the product | sales performance of the product || AB,AD,BC,CD",RAW,PSEUDO,yes,4,True,True,meta-llama/llama-3.3-70b-instruct,yes,1,1,244,628,,Novita,stop,0.00028414,700
1453,"a person's education level | the person's income | the person's job title | the person's salary || AC,AD,BC",DR_k1,PSEUDO,no,4,False,False,meta-llama/llama-3.3-70b-instruct,no,1,1,151,260,,Novita,stop,0.000124385,700
1453,"a person's education level | the person's income | the person's job title | the person's salary || AC,AD,BC",ORACLE,PSEUDO,no,4,False,False,meta-llama/llama-3.3-70b-instruct,no,1,1,143,174,,Novita,stop,8.8905e-05,700
1453,"a person's education level | the person's income | the person's job title | the person's salary || AC,AD,BC",RAW,PSEUDO,no,4,False,False,meta-llama/llama-3.3-70b-instruct,yes,1,0,100,388,,Novita,stop,0.0001687,700
1457,"amount of rainfall | crop yield | groundwater level || AB,AC",DR_k1,PSEUDO,no,3,True,True,meta-llama/llama-3.3-70b-instruct,no,1,1,182,237,,Novita,stop,0.00011937,700
1457,"amount of rainfall | crop yield | groundwater level || AB,AC",ORACLE,PSEUDO,no,3,True,True,meta-llama/llama-3.3-70b-instruct,no,1,1,173,135,,Novita,stop,7.7355e-05,700
1457,"amount of rainfall | crop yield | groundwater level || AB,AC",RAW,PSEUDO,no,3,True,True,meta-llama/llama-3.3-70b-instruct,no,1,1,144,136,,Novita,stop,7.384e-05,700
1461,"the amount of rainfall | the amount of water in a reservoir | the availability of drinking water | the water level in a river || AB,AD,BC,BD,CD",DR_k1,PSEUDO,yes,4,True,True,meta-llama/llama-3.3-70b-instruct,yes,1,1,195,306,,Novita,stop,0.000148725,700
1461,"the amount of rainfall | the amount of water in a reservoir | the availability of drinking water | the water level in a river || AB,AD,BC,BD,CD",ORACLE,PSEUDO,yes,4,True,True,meta-llama/llama-3.3-70b-instruct,yes,1,1,195,227,,Novita,stop,0.000117125,700
1461,"the amount of rainfall | the amount of water in a reservoir | the availability of drinking water | the water level in a river || AB,AD,BC,BD,CD",RAW,PSEUDO,yes,4,True,True,meta-llama/llama-3.3-70b-instruct,yes,1,1,140,137,,Novita,stop,7.37e-05,700
1462,"the amount of rainfall | the growth rate of plants | the yield of crops || AB,BC",DR_k1,PSEUDO,yes,3,True,True,meta-llama/llama-3.3-70b-instruct,yes,1,1,187,303,,Novita,stop,0.000146445,700
1462,"the amount of rainfall | the growth rate of plants | the yield of crops || AB,BC",ORACLE,PSEUDO,yes,3,True,True,meta-llama/llama-3.3-70b-instruct,yes,1,1,187,169,,Novita,stop,9.2845e-05,700
1462,"the amount of rainfall | the growth rate of plants | the yield of crops || AB,BC",RAW,PSEUDO,yes,3,True,True,meta-llama/llama-3.3-70b-instruct,yes,1,1,148,229,,Novita,stop,0.00011158,700
1469,"environmental pollution | exposure to toxic chemicals | respiratory diseases || AC,BC",DR_k1,PSEUDO,no,3,False,False,meta-llama/llama-3.3-70b-instruct,no,1,1,136,241,,Novita,stop,0.00011476,700
1469,"environmental pollution | exposure to toxic chemicals | respiratory diseases || AC,BC",ORACLE,PSEUDO,no,3,False,False,meta-llama/llama-3.3-70b-instruct,no,1,1,136,359,,Novita,stop,0.00016196,700
1469,"environmental pollution | exposure to toxic chemicals | respiratory diseases || AC,BC",RAW,PSEUDO,no,3,False,False,meta-llama/llama-3.3-70b-instruct,yes,1,0,99,387,,Novita,stop,0.000168165,700
1474,"the amount of sleep the student gets | the grade the student receives on a test | the number of hours a student studies | the overall academic performance of the student || AB,AD,BD,CD",DR_k1,PSEUDO,no,4,False,False,meta-llama/llama-3.3-70b-instruct,no,1,1,155,352,,Novita,stop,0.000161725,700
1474,"the amount of sleep the student gets | the grade the student receives on a test | the number of hours a student studies | the overall academic performance of the student || AB,AD,BD,CD",ORACLE,PSEUDO,no,4,False,False,meta-llama/llama-3.3-70b-instruct,no,1,1,155,214,,Novita,stop,0.000106525,700
1474,"the amount of sleep the student gets | the grade the student receives on a test | the number of hours a student studies | the overall academic performance of the student || AB,AD,BD,CD",RAW,PSEUDO,no,4,False,False,meta-llama/llama-3.3-70b-instruct,no,1,1,100,257,,Novita,stop,0.0001163,700
1475,"amount of exercise | body weight | caloric intake | overall health || AD,BC,CD",DR_k1,PSEUDO,no,4,True,True,meta-llama/llama-3.3-70b-instruct,no,1,1,192,142,,Novita,stop,8.272e-05,700
1475,"amount of exercise | body weight | caloric intake | overall health || AD,BC,CD",ORACLE,PSEUDO,no,4,True,True,meta-llama/llama-3.3-70b-instruct,no,1,1,193,273,,Novita,stop,0.000135255,700
1475,"amount of exercise | body weight | caloric intake | overall health || AD,BC,CD",RAW,PSEUDO,no,4,True,True,meta-llama/llama-3.3-70b-instruct,no,1,1,144,125,,Novita,stop,6.944e-05,700
1476,"crop yield | the amount of rainfall | the soil moisture level || AB,AC,BC",DR_k1,PSEUDO,no,3,True,True,meta-llama/llama-3.3-70b-instruct,no,1,1,287,533,,Novita,stop,0.000251945,700
1476,"crop yield | the amount of rainfall | the soil moisture level || AB,AC,BC",ORACLE,PSEUDO,no,3,True,True,meta-llama/llama-3.3-70b-instruct,no,1,1,287,589,,Novita,stop,0.000274345,700
1476,"crop yield | the amount of rainfall | the soil moisture level || AB,AC,BC",RAW,PSEUDO,no,3,True,True,meta-llama/llama-3.3-70b-instruct,no,1,1,244,597,,Novita,stop,0.00027174,700
1478,"the availability of public transportation | the cost of fuel | the number of cars on the road || AC,BC",DR_k1,PSEUDO,yes,3,True,True,meta-llama/llama-3.3-70b-instruct,yes,1,1,186,162,,Novita,stop,8.991e-05,700
1478,"the availability of public transportation | the cost of fuel | the number of cars on the road || AC,BC",ORACLE,PSEUDO,yes,3,True,True,meta-llama/llama-3.3-70b-instruct,yes,1,1,187,218,,Novita,stop,0.000112445,700
1478,"the availability of public transportation | the cost of fuel | the number of cars on the road || AC,BC",RAW,PSEUDO,yes,3,True,True,meta-llama/llama-3.3-70b-instruct,yes,1,1,148,178,,Novita,stop,9.118e-05,700
1480,"amount of rainfall | crop yield | soil moisture level | weather conditions || AC,AD,BC,CD",DR_k1,PSEUDO,no,4,True,True,meta-llama/llama-3.3-70b-instruct,no,1,1,196,242,,Novita,stop,0.00012326,700
1480,"amount of rainfall | crop yield | soil moisture level | weather conditions || AC,AD,BC,CD",ORACLE,PSEUDO,no,4,True,True,meta-llama/llama-3.3-70b-instruct,no,1,1,197,156,,Novita,stop,8.8995e-05,700
1480,"amount of rainfall | crop yield | soil moisture level | weather conditions || AC,AD,BC,CD",RAW,PSEUDO,no,4,True,True,meta-llama/llama-3.3-70b-instruct,no,1,1,144,157,,Novita,stop,8.224e-05,700
1484,"crop yield | economic growth | humidity level | profit of farmers | weather conditions || AB,AC,BC,BD,CD,DE",DR_k1,PSEUDO,no,5,False,False,meta-llama/llama-3.3-70b-instruct,no,1,1,166,388,,Novita,stop,0.00017761,700
1484,"crop yield | economic growth | humidity level | profit of farmers | weather conditions || AB,AC,BC,BD,CD,DE",ORACLE,PSEUDO,no,5,False,False,meta-llama/llama-3.3-70b-instruct,no,1,1,166,504,,Novita,stop,0.00022401,700
1484,"crop yield | economic growth | humidity level | profit of farmers | weather conditions || AB,AC,BC,BD,CD,DE",RAW,PSEUDO,no,5,False,False,meta-llama/llama-3.3-70b-instruct,no,1,1,98,97,,Novita,stop,5.203e-05,700
1490,"a person's education level | a person's financial stability | a person's income | a person's job status || AB,AC,AD,BC",DR_k1,PSEUDO,yes,4,True,True,meta-llama/llama-3.3-70b-instruct,yes,1,1,195,208,,Novita,stop,0.000109525,700
1490,"a person's education level | a person's financial stability | a person's income | a person's job status || AB,AC,AD,BC",ORACLE,PSEUDO,yes,4,True,True,meta-llama/llama-3.3-70b-instruct,yes,1,1,195,210,,Novita,stop,0.000110325,700
1490,"a person's education level | a person's financial stability | a person's income | a person's job status || AB,AC,AD,BC",RAW,PSEUDO,yes,4,True,True,meta-llama/llama-3.3-70b-instruct,yes,1,1,148,150,,Novita,stop,7.998e-05,700
1493,"the amount of rainfall | the amount of water in a reservoir | the availability of drinking water | the water level in a river || AB,AD,BC,BD,CD",DR_k1,PSEUDO,no,4,False,False,meta-llama/llama-3.3-70b-instruct,no,1,1,153,286,,Novita,stop,0.000135055,700
1493,"the amount of rainfall | the amount of water in a reservoir | the availability of drinking water | the water level in a river || AB,AD,BC,BD,CD",ORACLE,PSEUDO,no,4,False,False,meta-llama/llama-3.3-70b-instruct,no,1,1,154,455,,Novita,stop,0.00020279,700
1493,"the amount of rainfall | the amount of water in a reservoir | the availability of drinking water | the water level in a river || AB,AD,BC,BD,CD",RAW,PSEUDO,no,4,False,False,meta-llama/llama-3.3-70b-instruct,no,1,1,98,181,,Novita,stop,8.563e-05,700
1494,"availability of public transportation | traffic congestion | travel time to work || AB,AC,BC",DR_k1,PSEUDO,yes,3,True,True,meta-llama/llama-3.3-70b-instruct,yes,1,1,185,220,,Novita,stop,0.000112975,700
1494,"availability of public transportation | traffic congestion | travel time to work || AB,AC,BC",ORACLE,PSEUDO,yes,3,True,True,meta-llama/llama-3.3-70b-instruct,yes,1,1,186,151,,Novita,stop,8.551e-05,700
1494,"availability of public transportation | traffic congestion | travel time to work || AB,AC,BC",RAW,PSEUDO,yes,3,True,True,meta-llama/llama-3.3-70b-instruct,yes,1,1,144,131,,Novita,stop,7.184e-05,700
1496,"grade in the class | number of hours spent studying | test score || AB,AC,BC",DR_k1,PSEUDO,no,3,False,False,meta-llama/llama-3.3-70b-instruct,no,1,1,142,378,,Novita,stop,0.00017037,700
1496,"grade in the class | number of hours spent studying | test score || AB,AC,BC",ORACLE,PSEUDO,no,3,False,False,meta-llama/llama-3.3-70b-instruct,no,1,1,141,376,,Novita,stop,0.000169435,700
1496,"grade in the class | number of hours spent studying | test score || AB,AC,BC",RAW,PSEUDO,no,3,False,False,meta-llama/llama-3.3-70b-instruct,no,1,1,100,108,,Novita,stop,5.67e-05,700
1498,"the amount of exercise a person does | the person's cardiovascular health | the person's immune system | the person's overall health | the person's respiratory health || AB,AD,BC,BE,CD,CE,DE",DR_k1,PSEUDO,no,5,False,False,meta-llama/llama-3.3-70b-instruct,no,1,1,173,571,,Novita,stop,0.000251755,700
1498,"the amount of exercise a person does | the person's cardiovascular health | the person's immune system | the person's overall health | the person's respiratory health || AB,AD,BC,BE,CD,CE,DE",ORACLE,PSEUDO,no,5,False,False,meta-llama/llama-3.3-70b-instruct,no,1,1,174,526,,Novita,stop,0.00023389,700
1498,"the amount of exercise a person does | the person's cardiovascular health | the person's immune system | the person's overall health | the person's respiratory health || AB,AD,BC,BE,CD,CE,DE",RAW,PSEUDO,no,5,False,False,meta-llama/llama-3.3-70b-instruct,yes,1,0,100,310,,Novita,stop,0.0001375,700
1500,"amount of sunscreen sold | number of people going to the beach | weather conditions || AB,AC,BC",DR_k1,PSEUDO,no,3,True,True,meta-llama/llama-3.3-70b-instruct,no,1,1,187,236,,Novita,stop,0.000119645,700
1500,"amount of sunscreen sold | number of people going to the beach | weather conditions || AB,AC,BC",ORACLE,PSEUDO,no,3,True,True,meta-llama/llama-3.3-70b-instruct,no,1,1,187,244,,Novita,stop,0.000122845,700
1500,"amount of sunscreen sold | number of people going to the beach | weather conditions || AB,AC,BC",RAW,PSEUDO,no,3,True,True,meta-llama/llama-3.3-70b-instruct,no,1,1,144,165,,Novita,stop,8.544e-05,700
1502,"the amount of sleep the student gets | the grade the student receives on a test | the number of hours a student studies | the overall academic performance of the student || AB,AD,BD,CD",DR_k1,PSEUDO,no,4,False,False,meta-llama/llama-3.3-70b-instruct,no,1,1,152,260,,Novita,stop,0.00012452,700
1502,"the amount of sleep the student gets | the grade the student receives on a test | the number of hours a student studies | the overall academic performance of the student || AB,AD,BD,CD",ORACLE,PSEUDO,no,4,False,False,meta-llama/llama-3.3-70b-instruct,no,1,1,153,386,,Novita,stop,0.000175055,700
1502,"the amount of sleep the student gets | the grade the student receives on a test | the number of hours a student studies | the overall academic performance of the student || AB,AD,BD,CD",RAW,PSEUDO,no,4,False,False,meta-llama/llama-3.3-70b-instruct,no,1,1,98,217,,Novita,stop,0.00010003,700
1503,"job performance rating | level of education | salary | years of work experience || AC,AD,BC,BD",DR_k1,PSEUDO,yes,4,True,True,meta-llama/llama-3.3-70b-instruct,yes,1,1,197,195,,Novita,stop,0.000104595,700
1503,"job performance rating | level of education | salary | years of work experience || AC,AD,BC,BD",ORACLE,PSEUDO,yes,4,True,True,meta-llama/llama-3.3-70b-instruct,yes,1,1,189,132,,Novita,stop,7.8315e-05,700
1503,"job performance rating | level of education | salary | years of work experience || AC,AD,BC,BD",RAW,PSEUDO,yes,4,True,True,meta-llama/llama-3.3-70b-instruct,yes,1,1,144,145,,Novita,stop,7.744e-05,700
1504,"amount of trash left on the beach | number of people going to the beach | weather conditions || AB,AC,BC",DR_k1,PSEUDO,no,3,True,True,meta-llama/llama-3.3-70b-instruct,no,1,1,194,216,,Novita,stop,0.00011259,700
1504,"amount of trash left on the beach | number of people going to the beach | weather conditions || AB,AC,BC",ORACLE,PSEUDO,no,3,True,True,meta-llama/llama-3.3-70b-instruct,no,1,1,194,245,,Novita,stop,0.00012419,700
1504,"amount of trash left on the beach | number of people going to the beach | weather conditions || AB,AC,BC",RAW,PSEUDO,no,3,True,True,meta-llama/llama-3.3-70b-instruct,no,1,1,151,134,,Novita,stop,7.3985e-05,700
1510,"the amount of exercise the person does | the amount of sleep a person gets | the overall health of the person | the productivity level of the person || AB,AD,BD,CD",DR_k1,PSEUDO,no,4,True,True,meta-llama/llama-3.3-70b-instruct,no,1,1,197,169,,Novita,stop,9.4195e-05,700
1510,"the amount of exercise the person does | the amount of sleep a person gets | the overall health of the person | the productivity level of the person || AB,AD,BD,CD",ORACLE,PSEUDO,no,4,True,True,meta-llama/llama-3.3-70b-instruct,no,1,1,196,284,,Novita,stop,0.00014006,700
1510,"the amount of exercise the person does | the amount of sleep a person gets | the overall health of the person | the productivity level of the person || AB,AD,BD,CD",RAW,PSEUDO,no,4,True,True,meta-llama/llama-3.3-70b-instruct,no,1,1,144,116,,Novita,stop,6.584e-05,700
1515,"crop growth | harvest yield | temperature || AB,BC",DR_k1,PSEUDO,yes,3,True,True,meta-llama/llama-3.3-70b-instruct,yes,1,1,181,149,,Novita,stop,8.4035e-05,700
1515,"crop growth | harvest yield | temperature || AB,BC",ORACLE,PSEUDO,yes,3,True,True,meta-llama/llama-3.3-70b-instruct,yes,1,1,182,156,,Novita,stop,8.697e-05,700
1515,"crop growth | harvest yield | temperature || AB,BC",RAW,PSEUDO,yes,3,True,True,meta-llama/llama-3.3-70b-instruct,yes,1,1,144,129,,Novita,stop,7.104e-05,700
1516,"grade in the course | number of hours studied | overall gpa | test performance || AB,BC,CD",DR_k1,PSEUDO,no,4,False,False,meta-llama/llama-3.3-70b-instruct,no,1,1,142,397,,Novita,stop,0.00017797,700
1516,"grade in the course | number of hours studied | overall gpa | test performance || AB,BC,CD",ORACLE,PSEUDO,no,4,False,False,meta-llama/llama-3.3-70b-instruct,no,1,1,149,240,,Novita,stop,0.000116115,700
1516,"grade in the course | number of hours studied | overall gpa | test performance || AB,BC,CD",RAW,PSEUDO,no,4,False,False,meta-llama/llama-3.3-70b-instruct,no,1,1,100,239,,Novita,stop,0.0001091,700
1521,"amount of rainfall | crop yield | temperature | wind speed || AD,BD,CD",DR_k1,PSEUDO,no,4,False,False,meta-llama/llama-3.3-70b-instruct,no,1,1,146,212,,Novita,stop,0.00010451,700
1521,"amount of rainfall | crop yield | temperature | wind speed || AD,BD,CD",ORACLE,PSEUDO,no,4,False,False,meta-llama/llama-3.3-70b-instruct,no,1,1,145,299,,Novita,stop,0.000139175,700
1521,"amount of rainfall | crop yield | temperature | wind speed || AD,BD,CD",RAW,PSEUDO,no,4,False,False,meta-llama/llama-3.3-70b-instruct,no,1,1,98,110,,Novita,stop,5.723e-05,700
1522,"whether a person is exposed to a contagious disease | whether the person receives appropriate treatment | whether the person recovers from the disease | whether the person seeks medical attention | whether the person shows symptoms of the disease || AB,AE,BC,BD,CD,CE,DE",DR_k1,PSEUDO,no,5,False,False,meta-llama/llama-3.3-70b-instruct,no,1,1,167,569,,Novita,stop,0.000250145,700
1522,"whether a person is exposed to a contagious disease | whether the person receives appropriate treatment | whether the person recovers from the disease | whether the person seeks medical attention | whether the person shows symptoms of the disease || AB,AE,BC,BD,CD,CE,DE",ORACLE,PSEUDO,no,5,False,False,meta-llama/llama-3.3-70b-instruct,no,1,1,168,669,,Novita,stop,0.00029028,700
1522,"whether a person is exposed to a contagious disease | whether the person receives appropriate treatment | whether the person recovers from the disease | whether the person seeks medical attention | whether the person shows symptoms of the disease || AB,AE,BC,BD,CD,CE,DE",RAW,PSEUDO,no,5,False,False,meta-llama/llama-3.3-70b-instruct,no,1,1,98,229,,Novita,stop,0.00010483,700
1523,"whether a person eats a healthy diet | whether a person exercises regularly | whether a person has good cardiovascular health | whether a person maintains a healthy weight || AB,AD,BC,CD",DR_k1,PSEUDO,yes,4,True,True,meta-llama/llama-3.3-70b-instruct,yes,1,1,281,506,,Novita,stop,0.000240335,700
1523,"whether a person eats a healthy diet | whether a person exercises regularly | whether a person has good cardiovascular health | whether a person maintains a healthy weight || AB,AD,BC,CD",ORACLE,PSEUDO,yes,4,True,True,meta-llama/llama-3.3-70b-instruct,yes,1,1,289,515,,Novita,stop,0.000245015,700
1523,"whether a person eats a healthy diet | whether a person exercises regularly | whether a person has good cardiovascular health | whether a person maintains a healthy weight || AB,AD,BC,CD",RAW,PSEUDO,yes,4,True,True,meta-llama/llama-3.3-70b-instruct,yes,1,1,238,688,,Novita,stop,0.00030733,700
1524,"the amount of sleep the student gets | the grade the student receives on a test | the number of hours a student studies | the overall academic performance of the student || AB,AD,BD,CD",DR_k1,PSEUDO,no,4,False,False,meta-llama/llama-3.3-70b-instruct,no,1,1,153,240,,Novita,stop,0.000116655,700
1524,"the amount of sleep the student gets | the grade the student receives on a test | the number of hours a student studies | the overall academic performance of the student || AB,AD,BD,CD",ORACLE,PSEUDO,no,4,False,False,meta-llama/llama-3.3-70b-instruct,no,1,1,153,375,,Novita,stop,0.000170655,700
1524,"the amount of sleep the student gets | the grade the student receives on a test | the number of hours a student studies | the overall academic performance of the student || AB,AD,BD,CD",RAW,PSEUDO,no,4,False,False,meta-llama/llama-3.3-70b-instruct,yes,1,0,100,172,,Novita,stop,8.23e-05,700
1525,"grade in the class | number of hours spent studying | test score || AB,AC,BC",DR_k1,PSEUDO,no,3,True,True,meta-llama/llama-3.3-70b-instruct,no,1,1,271,551,,Novita,stop,0.000256985,700
1525,"grade in the class | number of hours spent studying | test score || AB,AC,BC",ORACLE,PSEUDO,no,3,True,True,meta-llama/llama-3.3-70b-instruct,no,1,1,271,626,,Novita,stop,0.000286985,700
1525,"grade in the class | number of hours spent studying | test score || AB,AC,BC",RAW,PSEUDO,no,3,True,True,meta-llama/llama-3.3-70b-instruct,no,1,1,232,533,,Novita,stop,0.00024452,700
1530,"the amount of sleep the night before the exam | the exam score | the number of hours studied for an exam || AC,BC",DR_k1,PSEUDO,no,3,False,False,meta-llama/llama-3.3-70b-instruct,yes,1,0,140,267,,Novita,stop,0.0001257,700
1530,"the amount of sleep the night before the exam | the exam score | the number of hours studied for an exam || AC,BC",ORACLE,PSEUDO,no,3,False,False,meta-llama/llama-3.3-70b-instruct,no,1,1,140,231,,Novita,stop,0.0001113,700
1530,"the amount of sleep the night before the exam | the exam score | the number of hours studied for an exam || AC,BC",RAW,PSEUDO,no,3,False,False,meta-llama/llama-3.3-70b-instruct,no,1,1,101,221,,Novita,stop,0.000102035,700
1531,"amount of exercise | blood pressure | heart rate || AB,AC",DR_k1,PSEUDO,no,3,False,False,meta-llama/llama-3.3-70b-instruct,no,1,1,137,322,,Novita,stop,0.000147295,700
1531,"amount of exercise | blood pressure | heart rate || AB,AC",ORACLE,PSEUDO,no,3,False,False,meta-llama/llama-3.3-70b-instruct,no,1,1,130,319,,Novita,stop,0.00014515,700
1531,"amount of exercise | blood pressure | heart rate || AB,AC",RAW,PSEUDO,no,3,False,False,meta-llama/llama-3.3-70b-instruct,no,1,1,100,282,,Novita,stop,0.0001263,700
1532,"business owner | number of employees | profit | revenue || AB,AC,AD,BC,BD,CD",DR_k1,PSEUDO,no,4,True,True,meta-llama/llama-3.3-70b-instruct,,0,0,310,700,,Novita,length,0.00032185,700
1532,"business owner | number of employees | profit | revenue || AB,AC,AD,BC,BD,CD",ORACLE,PSEUDO,no,4,True,True,meta-llama/llama-3.3-70b-instruct,,0,0,310,700,,Novita,length,0.00032185,700
1532,"business owner | number of employees | profit | revenue || AB,AC,AD,BC,BD,CD",RAW,PSEUDO,no,4,True,True,meta-llama/llama-3.3-70b-instruct,no,1,1,250,606,,Novita,stop,0.00027615,700
1533,"availability of public transportation | traffic congestion | travel time to work || AB,AC,BC",DR_k1,PSEUDO,no,3,True,True,meta-llama/llama-3.3-70b-instruct,no,1,1,293,566,,Novita,stop,0.000265955,700
1533,"availability of public transportation | traffic congestion | travel time to work || AB,AC,BC",ORACLE,PSEUDO,no,3,True,True,meta-llama/llama-3.3-70b-instruct,no,1,1,293,603,,Novita,stop,0.000280755,700
1533,"availability of public transportation | traffic congestion | travel time to work || AB,AC,BC",RAW,PSEUDO,no,3,True,True,meta-llama/llama-3.3-70b-instruct,no,1,1,250,387,,Novita,stop,0.00018855,700
1540,"the amount of rainfall | the growth rate of crops | the water level in the river || AB,AC",DR_k1,PSEUDO,no,3,False,False,meta-llama/llama-3.3-70b-instruct,yes,1,0,136,144,,Novita,stop,7.596e-05,700
1540,"the amount of rainfall | the growth rate of crops | the water level in the river || AB,AC",ORACLE,PSEUDO,no,3,False,False,meta-llama/llama-3.3-70b-instruct,no,1,1,128,463,,Novita,stop,0.00020248,700
1540,"the amount of rainfall | the growth rate of crops | the water level in the river || AB,AC",RAW,PSEUDO,no,3,False,False,meta-llama/llama-3.3-70b-instruct,no,1,1,98,285,,Novita,stop,0.00012723,700
1543,"the decision to bring an umbrella | the weather forecast | whether the person gets wet | whether the person stays dry || AB,BC,BD",DR_k1,PSEUDO,no,4,True,True,meta-llama/llama-3.3-70b-instruct,no,1,1,199,136,,Novita,stop,8.1265e-05,700
1543,"the decision to bring an umbrella | the weather forecast | whether the person gets wet | whether the person stays dry || AB,BC,BD",ORACLE,PSEUDO,no,4,True,True,meta-llama/llama-3.3-70b-instruct,no,1,1,191,136,,Novita,stop,8.0185e-05,700
1543,"the decision to bring an umbrella | the weather forecast | whether the person gets wet | whether the person stays dry || AB,BC,BD",RAW,PSEUDO,no,4,True,True,meta-llama/llama-3.3-70b-instruct,no,1,1,148,135,,Novita,stop,7.398e-05,700
1547,"job performance rating | level of education | salary | years of work experience || AC,AD,BC,BD",DR_k1,PSEUDO,no,4,False,False,meta-llama/llama-3.3-70b-instruct,yes,1,0,155,418,,Novita,stop,0.000188125,700
1547,"job performance rating | level of education | salary | years of work experience || AC,AD,BC,BD",ORACLE,PSEUDO,no,4,False,False,meta-llama/llama-3.3-70b-instruct,yes,1,0,147,332,,Novita,stop,0.000152645,700
1547,"job performance rating | level of education | salary | years of work experience || AC,AD,BC,BD",RAW,PSEUDO,no,4,False,False,meta-llama/llama-3.3-70b-instruct,yes,1,0,100,273,,Novita,stop,0.0001227,700
1549,"the amount of exercise a person gets | the amount of sleep a person gets | the person's energy level | the person's overall health || AD,BC,CD",DR_k1,PSEUDO,yes,4,True,True,meta-llama/llama-3.3-70b-instruct,yes,1,1,184,158,,Novita,stop,8.804e-05,700
1549,"the amount of exercise a person gets | the amount of sleep a person gets | the person's energy level | the person's overall health || AD,BC,CD",ORACLE,PSEUDO,yes,4,True,True,meta-llama/llama-3.3-70b-instruct,yes,1,1,192,261,,Novita,stop,0.00013032,700
1549,"the amount of exercise a person gets | the amount of sleep a person gets | the person's energy level | the person's overall health || AD,BC,CD",RAW,PSEUDO,yes,4,True,True,meta-llama/llama-3.3-70b-instruct,yes,1,1,144,152,,Novita,stop,8.024e-05,700
1551,"a person's education level | the person's income | the person's job title | the person's salary || AC,AD,BC",DR_k1,PSEUDO,no,4,False,False,meta-llama/llama-3.3-70b-instruct,no,1,1,147,130,,Novita,stop,7.1845e-05,700
1551,"a person's education level | the person's income | the person's job title | the person's salary || AC,AD,BC",ORACLE,PSEUDO,no,4,False,False,meta-llama/llama-3.3-70b-instruct,no,1,1,140,278,,Novita,stop,0.0001301,700
1551,"a person's education level | the person's income | the person's job title | the person's salary || AC,AD,BC",RAW,PSEUDO,no,4,False,False,meta-llama/llama-3.3-70b-instruct,no,1,1,98,351,,Novita,stop,0.00015363,700
1554,"academic performance | amount of sleep obtained | number of hours spent studying || AC,BC",DR_k1,PSEUDO,no,3,False,False,meta-llama/llama-3.3-70b-instruct,no,1,1,139,288,,Novita,stop,0.000133965,700
1554,"academic performance | amount of sleep obtained | number of hours spent studying || AC,BC",ORACLE,PSEUDO,no,3,False,False,meta-llama/llama-3.3-70b-instruct,no,1,1,139,331,,Novita,stop,0.000151165,700
1554,"academic performance | amount of sleep obtained | number of hours spent studying || AC,BC",RAW,PSEUDO,no,3,False,False,meta-llama/llama-3.3-70b-instruct,no,1,1,100,229,,Novita,stop,0.0001051,700
1555,"crop yield | economic growth | humidity level | profit of farmers | weather conditions || AB,AC,BC,BD,CD,DE",DR_k1,PSEUDO,no,5,False,False,meta-llama/llama-3.3-70b-instruct,no,1,1,164,197,,Novita,stop,0.00010094,700
1555,"crop yield | economic growth | humidity level | profit of farmers | weather conditions || AB,AC,BC,BD,CD,DE",ORACLE,PSEUDO,no,5,False,False,meta-llama/llama-3.3-70b-instruct,no,1,1,164,318,,Novita,stop,0.00014934,700
1555,"crop yield | economic growth | humidity level | profit of farmers | weather conditions || AB,AC,BC,BD,CD,DE",RAW,PSEUDO,no,5,False,False,meta-llama/llama-3.3-70b-instruct,no,1,1,96,151,,Novita,stop,7.336e-05,700
1559,"student's attendance in class | student's final grade in the course | student's performance on exams || AB,BC",DR_k1,PSEUDO,no,3,False,False,meta-llama/llama-3.3-70b-instruct,no,1,1,126,114,,Novita,stop,6.261e-05,700
1559,"student's attendance in class | student's final grade in the course | student's performance on exams || AB,BC",ORACLE,PSEUDO,no,3,False,False,meta-llama/llama-3.3-70b-instruct,no,1,1,134,155,,Novita,stop,8.009e-05,700
1559,"student's attendance in class | student's final grade in the course | student's performance on exams || AB,BC",RAW,PSEUDO,no,3,False,False,meta-llama/llama-3.3-70b-instruct,no,1,1,96,231,,Novita,stop,0.00010536,700
1563,"the amount of rainfall | the amount of water in a reservoir | the availability of drinking water | the water level in a river || AB,AD,BC,BD,CD",DR_k1,PSEUDO,no,4,True,True,meta-llama/llama-3.3-70b-instruct,no,1,1,203,257,,Novita,stop,0.000130205,700
1563,"the amount of rainfall | the amount of water in a reservoir | the availability of drinking water | the water level in a river || AB,AD,BC,BD,CD",ORACLE,PSEUDO,no,4,True,True,meta-llama/llama-3.3-70b-instruct,no,1,1,202,264,,Novita,stop,0.00013287,700
1563,"the amount of rainfall | the amount of water in a reservoir | the availability of drinking water | the water level in a river || AB,AD,BC,BD,CD",RAW,PSEUDO,no,4,True,True,meta-llama/llama-3.3-70b-instruct,no,1,1,148,133,,Novita,stop,7.318e-05,700
1566,"humidity | precipitation | temperature | weather conditions || AB,AC,BC,BD",DR_k1,PSEUDO,yes,4,True,True,meta-llama/llama-3.3-70b-instruct,yes,1,1,195,228,,Novita,stop,0.000117525,700
1566,"humidity | precipitation | temperature | weather conditions || AB,AC,BC,BD",ORACLE,PSEUDO,yes,4,True,True,meta-llama/llama-3.3-70b-instruct,yes,1,1,194,208,,Novita,stop,0.00010939,700
1566,"humidity | precipitation | temperature | weather conditions || AB,AC,BC,BD",RAW,PSEUDO,yes,4,True,True,meta-llama/llama-3.3-70b-instruct,yes,1,1,148,142,,Novita,stop,7.678e-05,700
1571,"grade in the course | number of hours studied | overall gpa | test performance || AB,BC,CD",DR_k1,PSEUDO,no,4,False,False,meta-llama/llama-3.3-70b-instruct,no,1,1,141,147,,Novita,stop,7.7835e-05,700
1571,"grade in the course | number of hours studied | overall gpa | test performance || AB,BC,CD",ORACLE,PSEUDO,no,4,False,False,meta-llama/llama-3.3-70b-instruct,no,1,1,148,190,,Novita,stop,9.598e-05,700
1571,"grade in the course | number of hours studied | overall gpa | test performance || AB,BC,CD",RAW,PSEUDO,no,4,False,False,meta-llama/llama-3.3-70b-instruct,no,1,1,98,241,,Novita,stop,0.00010963,700
1572,"patient's diet | patient's exercise habits | patient's life expectancy | patient's overall health | patient's stress levels || AD,BD,CD,DE",DR_k1,PSEUDO,no,5,True,True,meta-llama/llama-3.3-70b-instruct,no,1,1,207,236,,Novita,stop,0.000122345,700
1572,"patient's diet | patient's exercise habits | patient's life expectancy | patient's overall health | patient's stress levels || AD,BD,CD,DE",ORACLE,PSEUDO,no,5,True,True,meta-llama/llama-3.3-70b-instruct,no,1,1,206,247,,Novita,stop,0.00012661,700
1572,"patient's diet | patient's exercise habits | patient's life expectancy | patient's overall health | patient's stress levels || AD,BD,CD,DE",RAW,PSEUDO,no,5,True,True,meta-llama/llama-3.3-70b-instruct,no,1,1,144,126,,Novita,stop,6.984e-05,700
1577,"amount of rainfall | crop yield | temperature || AC,BC",DR_k1,PSEUDO,yes,3,True,True,meta-llama/llama-3.3-70b-instruct,yes,1,1,187,477,,Novita,stop,0.000216045,700
1577,"amount of rainfall | crop yield | temperature || AC,BC",ORACLE,PSEUDO,yes,3,True,True,meta-llama/llama-3.3-70b-instruct,yes,1,1,187,170,,Novita,stop,9.3245e-05,700
1577,"amount of rainfall | crop yield | temperature || AC,BC",RAW,PSEUDO,yes,3,True,True,meta-llama/llama-3.3-70b-instruct,yes,1,1,148,143,,Novita,stop,7.718e-05,700
1578,"a manufacturing plant | the efficiency of the plant's machinery | the overall profitability of the plant | the production output of the plant || AB,AC,AD,BC,BD",DR_k1,PSEUDO,yes,4,True,True,meta-llama/llama-3.3-70b-instruct,yes,1,1,284,573,,Novita,stop,0.00026754,700
1578,"a manufacturing plant | the efficiency of the plant's machinery | the overall profitability of the plant | the production output of the plant || AB,AC,AD,BC,BD",ORACLE,PSEUDO,yes,4,True,True,meta-llama/llama-3.3-70b-instruct,yes,1,1,285,576,,Novita,stop,0.000268875,700
1578,"a manufacturing plant | the efficiency of the plant's machinery | the overall profitability of the plant | the production output of the plant || AB,AC,AD,BC,BD",RAW,PSEUDO,yes,4,True,True,meta-llama/llama-3.3-70b-instruct,yes,1,1,238,527,,Novita,stop,0.00024293,700
1580,"humidity | temperature | weather conditions || AB,AC",DR_k1,PSEUDO,no,3,False,False,meta-llama/llama-3.3-70b-instruct,no,1,1,134,310,,Novita,stop,0.00014209,700
1580,"humidity | temperature | weather conditions || AB,AC",ORACLE,PSEUDO,no,3,False,False,meta-llama/llama-3.3-70b-instruct,yes,1,0,125,643,,Novita,stop,0.000274075,700
1580,"humidity | temperature | weather conditions || AB,AC",RAW,PSEUDO,no,3,False,False,meta-llama/llama-3.3-70b-instruct,no,1,1,96,134,,Novita,stop,6.656e-05,700
1581,"business owner | number of employees | profit | revenue || AB,AC,AD,BC,BD,CD",DR_k1,PSEUDO,no,4,False,False,meta-llama/llama-3.3-70b-instruct,no,1,1,157,469,,Novita,stop,0.000208795,700
1581,"business owner | number of employees | profit | revenue || AB,AC,AD,BC,BD,CD",ORACLE,PSEUDO,no,4,False,False,meta-llama/llama-3.3-70b-instruct,no,1,1,157,381,,Novita,stop,0.000173595,700
1581,"business owner | number of employees | profit | revenue || AB,AC,AD,BC,BD,CD",RAW,PSEUDO,no,4,False,False,meta-llama/llama-3.3-70b-instruct,no,1,1,98,264,,Novita,stop,0.00011883,700
1583,"patient's diet | patient's exercise habits | patient's life expectancy | patient's overall health | patient's stress levels || AD,BD,CD,DE",DR_k1,PSEUDO,no,5,False,False,meta-llama/llama-3.3-70b-instruct,no,1,1,150,288,,Novita,stop,0.00013545,700
1583,"patient's diet | patient's exercise habits | patient's life expectancy | patient's overall health | patient's stress levels || AD,BD,CD,DE",ORACLE,PSEUDO,no,5,False,False,meta-llama/llama-3.3-70b-instruct,no,1,1,158,176,,Novita,stop,9.173e-05,700
1583,"patient's diet | patient's exercise habits | patient's life expectancy | patient's overall health | patient's stress levels || AD,BD,CD,DE",RAW,PSEUDO,no,5,False,False,meta-llama/llama-3.3-70b-instruct,yes,1,0,96,394,,Novita,stop,0.00017056,700
1584,"crop growth | harvest yield | temperature || AB,BC",DR_k1,PSEUDO,no,3,False,False,meta-llama/llama-3.3-70b-instruct,no,1,1,137,164,,Novita,stop,8.4095e-05,700
1584,"crop growth | harvest yield | temperature || AB,BC",ORACLE,PSEUDO,no,3,False,False,meta-llama/llama-3.3-70b-instruct,no,1,1,137,77,,Novita,stop,4.9295e-05,700
1584,"crop growth | harvest yield | temperature || AB,BC",RAW,PSEUDO,no,3,False,False,meta-llama/llama-3.3-70b-instruct,no,1,1,98,195,,Novita,stop,9.123e-05,700
1589,"humidity level | probability of flooding | probability of rain | weather conditions || AB,AC,BC,BD",DR_k1,PSEUDO,no,4,False,False,meta-llama/llama-3.3-70b-instruct,no,1,1,155,523,,Novita,stop,0.000230125,700
1589,"humidity level | probability of flooding | probability of rain | weather conditions || AB,AC,BC,BD",ORACLE,PSEUDO,no,4,False,False,meta-llama/llama-3.3-70b-instruct,no,1,1,147,344,,Novita,stop,0.000157445,700
1589,"humidity level | probability of flooding | probability of rain | weather conditions || AB,AC,BC,BD",RAW,PSEUDO,no,4,False,False,meta-llama/llama-3.3-70b-instruct,no,1,1,100,155,,Novita,stop,7.55e-05,700
1593,"job experience | job performance | level of education | salary | skills proficiency || AB,AD,AE,BC,BD,CD,CE",DR_k1,PSEUDO,no,5,False,False,meta-llama/llama-3.3-70b-instruct,no,1,1,169,356,,Novita,stop,0.000165215,700
1593,"job experience | job performance | level of education | salary | skills proficiency || AB,AD,AE,BC,BD,CD,CE",ORACLE,PSEUDO,no,5,False,False,meta-llama/llama-3.3-70b-instruct,no,1,1,161,407,,Novita,stop,0.000184535,700
1593,"job experience | job performance | level of education | salary | skills proficiency || AB,AD,AE,BC,BD,CD,CE",RAW,PSEUDO,no,5,False,False,meta-llama/llama-3.3-70b-instruct,no,1,1,98,262,,Novita,stop,0.00011803,700
1598,"patient's diet | patient's exercise habits | patient's life expectancy | patient's overall health | patient's stress levels || AD,BD,CD,DE",DR_k1,PSEUDO,no,5,False,False,meta-llama/llama-3.3-70b-instruct,no,1,1,147,178,,Novita,stop,9.1045e-05,700
1598,"patient's diet | patient's exercise habits | patient's life expectancy | patient's overall health | patient's stress levels || AD,BD,CD,DE",ORACLE,PSEUDO,no,5,False,False,meta-llama/llama-3.3-70b-instruct,no,1,1,154,149,,Novita,stop,8.039e-05,700
1598,"patient's diet | patient's exercise habits | patient's life expectancy | patient's overall health | patient's stress levels || AD,BD,CD,DE",RAW,PSEUDO,no,5,False,False,meta-llama/llama-3.3-70b-instruct,no,1,1,96,179,,Novita,stop,8.456e-05,700
1599,"amount of exercise | body weight | dietary habits | risk of developing chronic diseases || AC,BC,CD",DR_k1,PSEUDO,no,4,False,False,meta-llama/llama-3.3-70b-instruct,no,1,1,148,172,,Novita,stop,8.878e-05,700
1599,"amount of exercise | body weight | dietary habits | risk of developing chronic diseases || AC,BC,CD",ORACLE,PSEUDO,no,4,False,False,meta-llama/llama-3.3-70b-instruct,no,1,1,149,271,,Novita,stop,0.000128515,700
1599,"amount of exercise | body weight | dietary habits | risk of developing chronic diseases || AC,BC,CD",RAW,PSEUDO,no,4,False,False,meta-llama/llama-3.3-70b-instruct,no,1,1,100,237,,Novita,stop,0.0001083,700
